I
800	# Converted by FS2XPlane 3.26
OBJ

# file fuel_complex.bgl

TEXTURE		fuel2.dds
TEXTURE_LIT	fuel2_LIT.dds
POINT_COUNTS	108 0 0 174

VT	-417.076    0.000 -681.032	-0.937  0.000  0.350	0.0007 0.6972
VT	-417.076    0.000 -681.032	-0.350  0.000 -0.937	0.6992 0.9208
VT	-417.076    4.000 -681.032	-0.937  0.000  0.350	0.0007 0.7753
VT	-417.076    4.000 -681.032	-0.350  0.000 -0.937	0.6992 0.9988
VT	-417.076    4.000 -681.032	 0.000  1.000 -0.000	0.0045 0.7813
VT	-408.672    0.000 -658.552	-0.937  0.000  0.350	0.4788 0.6972
VT	-408.672    0.000 -658.552	 0.350  0.000  0.937	0.4846 0.9208
VT	-408.672    4.000 -658.552	-0.937  0.000  0.350	0.4788 0.7753
VT	-408.672    4.000 -658.552	 0.000  1.000 -0.000	0.4783 0.7813
VT	-408.672    4.000 -658.552	 0.350  0.000  0.937	0.4846 0.9988
VT	-406.776    0.000 -684.884	-0.350  0.000 -0.937	0.4846 0.9208
VT	-406.776    0.000 -684.884	 0.937  0.000 -0.350	0.4788 0.6972
VT	-406.776    4.000 -684.884	-0.350  0.000 -0.937	0.4846 0.9988
VT	-406.776    4.000 -684.884	 0.000  1.000 -0.000	0.0045 0.9959
VT	-406.776    4.000 -684.884	 0.937  0.000 -0.350	0.4788 0.7753
VT	-399.488    0.000 -660.460	-0.937  0.000  0.350	0.4841 0.7475
VT	-399.488    0.000 -660.460	-0.350  0.000 -0.937	0.7040 0.7475
VT	-399.488    4.000 -660.460	-0.937  0.000  0.350	0.4841 0.8264
VT	-399.488    4.000 -660.460	-0.350  0.000 -0.937	0.7040 0.8264
VT	-399.488    4.000 -660.460	 0.000  1.000 -0.000	0.4841 0.8290
VT	-398.368    0.000 -662.404	 0.350  0.000  0.937	0.6992 0.9208
VT	-398.368    0.000 -662.404	 0.937  0.000 -0.350	0.0007 0.6972
VT	-398.368    4.000 -662.404	 0.000  1.000 -0.000	0.4783 0.9959
VT	-398.368    4.000 -662.404	 0.350  0.000  0.937	0.6992 0.9988
VT	-398.368    4.000 -662.404	 0.937  0.000 -0.350	0.0007 0.7753
VT	-397.212    0.000 -654.372	-0.937  0.000  0.350	0.6123 0.7475
VT	-397.212    0.000 -654.372	 0.350  0.000  0.937	0.6152 0.7475
VT	-397.212    4.000 -654.372	-0.937  0.000  0.350	0.6123 0.8264
VT	-397.212    4.000 -654.372	 0.000  1.000 -0.000	0.6123 0.8290
VT	-397.212    4.000 -654.372	 0.350  0.000  0.937	0.6152 0.8264
VT	-395.272    0.000 -662.036	-0.350  0.000 -0.937	0.6152 0.7475
VT	-395.272    0.000 -662.036	 0.937  0.000 -0.350	0.6123 0.7475
VT	-395.272    4.000 -662.036	-0.350  0.000 -0.937	0.6152 0.8264
VT	-395.272    4.000 -662.036	 0.000  1.000 -0.000	0.4841 0.9177
VT	-395.272    4.000 -662.036	 0.937  0.000 -0.350	0.6123 0.8264
VT	-392.996    0.000 -655.948	 0.350  0.000  0.937	0.7040 0.7475
VT	-392.996    0.000 -655.948	 0.937  0.000 -0.350	0.4841 0.7475
VT	-392.996    4.000 -655.948	 0.000  1.000 -0.000	0.6123 0.9177
VT	-392.996    4.000 -655.948	 0.350  0.000  0.937	0.7040 0.8264
VT	-392.996    4.000 -655.948	 0.937  0.000 -0.350	0.4841 0.8264
VT	-279.588    0.000 -624.864	-0.937  0.000  0.350	0.0031 0.3302
VT	-279.588    0.000 -624.864	-0.350  0.000 -0.937	0.5488 0.5671
VT	-279.588    5.000 -624.864	-0.937  0.000  0.350	0.0031 0.4010
VT	-279.588    5.000 -624.864	-0.350  0.000 -0.937	0.5488 0.6378
VT	-279.588    5.000 -624.864	 0.000  1.000 -0.000	0.0006 0.4602
VT	-277.400    5.000 -619.012	-0.937  0.000  0.350	0.0919 0.4010
VT	-277.400    5.000 -619.012	-0.350  0.000 -0.937	0.5488 0.6387
VT	-277.400    5.000 -619.012	 0.000  1.000 -0.000	0.0886 0.4602
VT	-277.400    9.000 -619.012	-0.937  0.000  0.350	0.0919 0.4579
VT	-277.400    9.000 -619.012	-0.350  0.000 -0.937	0.5488 0.6944
VT	-277.400    9.000 -619.012	 0.000  1.000 -0.000	0.0894 0.4602
VT	-274.072    5.000 -610.112	-0.937  0.000  0.350	0.2269 0.4010
VT	-274.072    5.000 -610.112	 0.000  1.000 -0.000	0.2261 0.4602
VT	-274.072    5.000 -610.112	 0.350  0.000  0.937	0.3153 0.6387
VT	-274.072    9.000 -610.112	-0.937  0.000  0.350	0.2269 0.4579
VT	-274.072    9.000 -610.112	 0.000  1.000 -0.000	0.2244 0.4602
VT	-274.072    9.000 -610.112	 0.350  0.000  0.937	0.3153 0.6944
VT	-271.884    0.000 -604.256	-0.937  0.000  0.350	0.3157 0.3302
VT	-271.884    0.000 -604.256	 0.350  0.000  0.937	0.3153 0.5671
VT	-271.884    5.000 -604.256	-0.937  0.000  0.350	0.3157 0.4010
VT	-271.884    5.000 -604.256	 0.000  1.000 -0.000	0.3133 0.4602
VT	-271.884    5.000 -604.256	 0.350  0.000  0.937	0.3153 0.6378
VT	-264.132    0.000 -630.644	-0.350  0.000 -0.937	0.3153 0.5671
VT	-264.132    0.000 -630.644	 0.937  0.000 -0.350	0.3157 0.3302
VT	-264.132    5.000 -630.644	-0.350  0.000 -0.937	0.3153 0.6378
VT	-264.132    5.000 -630.644	 0.000  1.000 -0.000	0.0006 0.6947
VT	-264.132    5.000 -630.644	 0.937  0.000 -0.350	0.3157 0.4010
VT	-261.944    5.000 -624.788	-0.350  0.000 -0.937	0.3153 0.6387
VT	-261.944    5.000 -624.788	 0.000  1.000 -0.000	0.0886 0.6947
VT	-261.944    5.000 -624.788	 0.937  0.000 -0.350	0.2269 0.4010
VT	-261.944    9.000 -624.788	-0.350  0.000 -0.937	0.3153 0.6944
VT	-261.944    9.000 -624.788	 0.000  1.000 -0.000	0.0894 0.6947
VT	-261.944    9.000 -624.788	 0.937  0.000 -0.350	0.2269 0.4579
VT	-258.616    5.000 -615.892	 0.000  1.000 -0.000	0.2261 0.6947
VT	-258.616    5.000 -615.892	 0.350  0.000  0.937	0.5488 0.6387
VT	-258.616    5.000 -615.892	 0.937  0.000 -0.350	0.0919 0.4010
VT	-258.616    9.000 -615.892	 0.000  1.000 -0.000	0.2244 0.6947
VT	-258.616    9.000 -615.892	 0.350  0.000  0.937	0.5488 0.6944
VT	-258.616    9.000 -615.892	 0.937  0.000 -0.350	0.0919 0.4579
VT	-256.428    0.000 -610.036	 0.350  0.000  0.937	0.5488 0.5671
VT	-256.428    0.000 -610.036	 0.937  0.000 -0.350	0.0031 0.3302
VT	-256.428    5.000 -610.036	 0.000  1.000 -0.000	0.3133 0.6947
VT	-256.428    5.000 -610.036	 0.350  0.000  0.937	0.5488 0.6378
VT	-256.428    5.000 -610.036	 0.937  0.000 -0.350	0.0031 0.4010
VT	-195.668    6.000 -657.748	-0.937  0.000  0.350	0.7436 0.6550
VT	-195.668    6.000 -657.748	-0.350  0.000 -0.937	0.7436 0.9528
VT	-195.668    6.000 -657.748	 0.000 -1.000 -0.000	0.9992 0.9984
VT	-195.668    6.800 -657.748	-0.937  0.000  0.350	0.7323 0.6550
VT	-195.668    6.800 -657.748	-0.350  0.000 -0.937	0.7323 0.9528
VT	-195.668    6.800 -657.748	 0.000  1.000 -0.000	0.9992 0.6550
VT	-187.088    6.000 -634.800	-0.937  0.000  0.350	0.7436 0.9984
VT	-187.088    6.000 -634.800	 0.000 -1.000 -0.000	0.9992 0.6550
VT	-187.088    6.000 -634.800	 0.350  0.000  0.937	0.7436 0.7005
VT	-187.088    6.800 -634.800	-0.937  0.000  0.350	0.7323 0.9984
VT	-187.088    6.800 -634.800	 0.000  1.000 -0.000	0.9992 0.9984
VT	-187.088    6.800 -634.800	 0.350  0.000  0.937	0.7323 0.7005
VT	-178.808    6.000 -664.052	-0.350  0.000 -0.937	0.7436 0.7005
VT	-178.808    6.000 -664.052	 0.000 -1.000 -0.000	0.7469 0.9984
VT	-178.808    6.000 -664.052	 0.937  0.000 -0.350	0.7436 0.9984
VT	-178.808    6.800 -664.052	-0.350  0.000 -0.937	0.7323 0.7005
VT	-178.808    6.800 -664.052	 0.000  1.000 -0.000	0.7469 0.6550
VT	-178.808    6.800 -664.052	 0.937  0.000 -0.350	0.7323 0.9984
VT	-170.228    6.000 -641.104	 0.000 -1.000 -0.000	0.7469 0.6550
VT	-170.228    6.000 -641.104	 0.350  0.000  0.937	0.7436 0.9528
VT	-170.228    6.000 -641.104	 0.937  0.000 -0.350	0.7436 0.6550
VT	-170.228    6.800 -641.104	 0.000  1.000 -0.000	0.7469 0.9984
VT	-170.228    6.800 -641.104	 0.350  0.000  0.937	0.7323 0.9528
VT	-170.228    6.800 -641.104	 0.937  0.000 -0.350	0.7323 0.6550

IDX10	96 99 88 88 85 96 104 107 101 101
IDX10	98 104 92 95 106 106 103 92 84 87
IDX10	93 93 90 84 89 100 105 105 94 89
IDX10	86 91 102 102 97 86 30 32 18 18
IDX10	16 30 36 39 34 34 31 36 26 29
IDX10	38 38 35 26 15 17 27 27 25 15
IDX10	19 33 37 37 28 19 10 12 3 3
IDX10	1 10 21 24 14 14 11 21 6 9
IDX10	23 23 20 6 0 2 7 7 5 0
IDX10	4 13 22 22 8 4 67 70 49 49
IDX10	46 67 78 72 75 72 69 75 69 80
IDX10	75 69 66 80 66 63 80 80 83 75
IDX10	53 56 77 77 74 53 48 54 45 54
IDX10	51 45 51 40 45 51 59 40 59 57
IDX10	40 40 42 45 65 68 47 47 44 65
IDX10	60 52 73 73 81 60 62 64 43 43
IDX10	41 62 58 61 82 82 79 58 55 50
IDX	71
IDX	71
IDX	76
IDX	55

ATTR_no_blend

TRIS	0 174
