I
800	# Converted by FS2XPlane 3.26
OBJ

# file GAterminal2.bgl

TEXTURE		GAcargo2.dds
TEXTURE_LIT	GAcargo2_LIT.dds
POINT_COUNTS	656 0 0 984

VT	-157.492    0.000   25.644	-0.938  0.000  0.346	0.0001 0.0033
VT	-157.492    0.000   25.644	-0.345  0.000 -0.938	0.0370 0.0033
VT	-157.492    2.500   25.644	-0.938  0.000  0.346	0.0001 0.1438
VT	-157.492    2.500   25.644	-0.345  0.000 -0.938	0.0370 0.1438
VT	-157.492    2.500   25.644	 0.000  1.000 -0.000	0.0001 0.0790
VT	-157.424    0.000   25.620	-0.345  0.000 -0.938	0.0159 0.0033
VT	-157.424    0.000   25.620	 0.938  0.000 -0.346	0.0001 0.0033
VT	-157.424    2.500   25.620	-0.345  0.000 -0.938	0.0159 0.1438
VT	-157.424    2.500   25.620	 0.000  1.000 -0.000	0.0001 0.0841
VT	-157.424    2.500   25.620	 0.938  0.000 -0.346	0.0001 0.1438
VT	-131.388    0.000   96.400	-0.938  0.000  0.346	5.3121 0.0033
VT	-131.388    0.000   96.400	 0.345 -0.000  0.939	0.5216 0.0001
VT	-131.388    2.500   96.400	-0.938  0.000  0.346	5.3121 0.1438
VT	-131.388    2.500   96.400	 0.000  1.000 -0.000	5.3121 0.0790
VT	-131.388    2.500   96.400	 0.345  0.000  0.938	0.5216 0.1432
VT	-131.320    0.000   96.376	 0.345  0.000  0.938	0.5257 0.0001
VT	-131.320    0.000   96.376	 0.938  0.000 -0.346	5.3121 0.0033
VT	-131.320    2.500   96.376	 0.000  1.000 -0.000	5.3121 0.0841
VT	-131.320    2.500   96.376	 0.345  0.000  0.938	0.5257 0.1432
VT	-131.320    2.500   96.376	 0.938  0.000 -0.346	5.3121 0.1438
VT	-124.632    0.000  114.704	-0.938  0.000  0.346	6.6862 0.0033
VT	-124.632    0.000  114.704	-0.345  0.000 -0.938	0.5296 0.0001
VT	-124.632    2.500  114.704	-0.938  0.000  0.346	6.6862 0.1438
VT	-124.632    2.500  114.704	-0.345  0.000 -0.938	0.5296 0.1432
VT	-124.632    2.500  114.704	 0.000  1.000 -0.000	6.6862 0.0790
VT	-124.564    0.000  114.680	-0.345 -0.000 -0.938	0.5255 0.0001
VT	-124.564    0.000  114.680	 0.938  0.000 -0.346	6.6862 0.0033
VT	-124.564    2.500  114.680	-0.345  0.000 -0.938	0.5255 0.1432
VT	-124.564    2.500  114.680	 0.000  1.000 -0.000	6.6862 0.0841
VT	-124.564    2.500  114.680	 0.938  0.000 -0.346	6.6862 0.1438
VT	-111.728    0.000  149.680	-0.938  0.000  0.346	9.3119 0.0033
VT	-111.728    0.000  149.680	 0.345  0.000  0.938	0.5245 0.0001
VT	-111.728    2.500  149.680	-0.938  0.000  0.346	9.3119 0.1438
VT	-111.728    2.500  149.680	 0.000  1.000 -0.000	9.3119 0.0790
VT	-111.728    2.500  149.680	 0.345  0.000  0.938	0.5245 0.1432
VT	-111.660    0.000  149.656	 0.345  0.000  0.938	0.5286 0.0001
VT	-111.660    0.000  149.656	 0.938  0.000 -0.346	9.3119 0.0033
VT	-111.660    2.500  149.656	 0.000  1.000 -0.000	9.3119 0.0841
VT	-111.660    2.500  149.656	 0.345  0.000  0.938	0.5286 0.1432
VT	-111.660    2.500  149.656	 0.938  0.000 -0.346	9.3119 0.1438
VT	-110.196    0.000  153.832	-0.938  0.000  0.346	9.6235 0.0033
VT	-110.196    0.000  153.832	-0.345  0.000 -0.938	0.5275 0.0001
VT	-110.196    2.500  153.832	-0.938  0.000  0.346	9.6235 0.1438
VT	-110.196    2.500  153.832	-0.345  0.000 -0.938	0.5275 0.1432
VT	-110.196    2.500  153.832	 0.000  1.000 -0.000	9.6235 0.0790
VT	-110.128    0.000  153.804	-0.345  0.000 -0.938	0.5234 0.0001
VT	-110.128    0.000  153.804	 0.938  0.000 -0.346	9.6235 0.0033
VT	-110.128    2.500  153.804	-0.345  0.000 -0.938	0.5234 0.1432
VT	-110.128    2.500  153.804	 0.000  1.000 -0.000	9.6235 0.0841
VT	-110.128    2.500  153.804	 0.938  0.000 -0.346	9.6235 0.1438
VT	 -98.212    0.000  186.316	-0.938  0.000  0.346	12.0623 0.0033
VT	 -98.212    0.000  186.316	 0.345  0.000  0.938	0.5265 0.0001
VT	 -98.212    2.500  186.316	-0.938  0.000  0.346	12.0623 0.1438
VT	 -98.212    2.500  186.316	 0.000  1.000 -0.000	12.0623 0.0790
VT	 -98.212    2.500  186.316	 0.345  0.000  0.938	0.5265 0.1432
VT	 -98.144    0.000  186.292	 0.345  0.000  0.938	0.5306 0.0001
VT	 -98.144    0.000  186.292	 0.938  0.000 -0.346	12.0623 0.0033
VT	 -98.144    2.500  186.292	 0.000  1.000 -0.000	12.0623 0.0841
VT	 -98.144    2.500  186.292	 0.345  0.000  0.938	0.5306 0.1432
VT	 -98.144    2.500  186.292	 0.938  0.000 -0.346	12.0623 0.1438
VT	 -82.888    0.000  270.592	-0.938  0.000  0.346	9.6235 0.0033
VT	 -82.888    0.000  270.592	-0.345  0.000 -0.938	0.5275 0.0001
VT	 -82.888    2.500  270.592	-0.938  0.000  0.346	9.6235 0.1438
VT	 -82.888    2.500  270.592	-0.345  0.000 -0.938	0.5275 0.1432
VT	 -82.888    2.500  270.592	 0.000  1.000 -0.000	9.6235 0.0790
VT	 -82.820    0.000  270.568	-0.345  0.000 -0.938	0.5234 0.0001
VT	 -82.820    0.000  270.568	 0.938  0.000 -0.346	9.6235 0.0033
VT	 -82.820    2.500  270.568	-0.345  0.000 -0.938	0.5234 0.1432
VT	 -82.820    2.500  270.568	 0.000  1.000 -0.000	9.6235 0.0841
VT	 -82.820    2.500  270.568	 0.938  0.000 -0.346	9.6235 0.1438
VT	 -77.820   -0.428    5.496	-0.938  0.000  0.345	0.0760 0.4281
VT	 -77.820   -0.428    5.496	-0.345  0.000 -0.938	0.2686 0.4281
VT	 -77.820   -0.428    5.496	 0.000 -1.000 -0.000	0.4355 0.4271
VT	 -77.820    9.292    5.496	-0.938  0.000  0.345	0.0760 0.5285
VT	 -77.820    9.292    5.496	-0.345  0.000 -0.938	0.2686 0.5285
VT	 -77.820    9.292    5.496	 0.000  1.000 -0.000	0.2714 0.4271
VT	 -74.160    9.292    6.884	-0.938  0.000  0.345	0.4386 0.4279
VT	 -74.160    9.292    6.884	-0.345  0.000 -0.938	0.4741 0.4279
VT	 -74.160   11.168    6.884	-0.938  0.000  0.345	0.4386 0.4900
VT	 -74.160   11.168    6.884	-0.345  0.000 -0.938	0.4741 0.4900
VT	 -74.160   11.168    6.884	 0.000  1.000 -0.000	0.4386 0.4928
VT	 -73.904   -0.428   16.136	-0.938  0.000  0.345	0.1931 0.4281
VT	 -73.904   -0.428   16.136	 0.000 -1.000 -0.000	0.2714 0.4271
VT	 -73.904   -0.428   16.136	 0.345  0.000  0.938	0.0008 0.4281
VT	 -73.904    9.292   16.136	-0.938  0.000  0.345	0.1931 0.5285
VT	 -73.904    9.292   16.136	 0.000  1.000 -0.000	0.4355 0.4271
VT	 -73.904    9.292   16.136	 0.345  0.000  0.938	0.0008 0.5285
VT	 -73.768    9.292    7.952	-0.938  0.000  0.345	0.4748 0.4279
VT	 -73.768    9.292    7.952	 0.345  0.000  0.938	0.4392 0.4279
VT	 -73.768   11.168    7.952	-0.938  0.000  0.345	0.4748 0.4900
VT	 -73.768   11.168    7.952	 0.000  1.000 -0.000	0.4748 0.4928
VT	 -73.768   11.168    7.952	 0.345  0.000  0.938	0.4392 0.4900
VT	 -73.132    9.292    6.508	-0.345  0.000 -0.938	0.4392 0.4279
VT	 -73.132    9.292    6.508	 0.938  0.000 -0.345	0.4748 0.4279
VT	 -73.132   11.168    6.508	-0.345  0.000 -0.938	0.4392 0.4900
VT	 -73.132   11.168    6.508	 0.000  1.000 -0.000	0.4386 0.5277
VT	 -73.132   11.168    6.508	 0.938  0.000 -0.345	0.4748 0.4900
VT	 -72.740    9.292    7.576	 0.345  0.000  0.938	0.4741 0.4279
VT	 -72.740    9.292    7.576	 0.938  0.000 -0.345	0.4386 0.4279
VT	 -72.740   11.168    7.576	 0.000  1.000 -0.000	0.4748 0.5277
VT	 -72.740   11.168    7.576	 0.345  0.000  0.938	0.4741 0.4900
VT	 -72.740   11.168    7.576	 0.938  0.000 -0.345	0.4386 0.4900
VT	 -72.436    0.000  298.920	-0.938  0.000  0.346	11.7501 0.0033
VT	 -72.436    0.000  298.920	 0.345  0.000  0.938	0.4683 0.0011
VT	 -72.436    2.500  298.920	-0.938  0.000  0.346	11.7501 0.1438
VT	 -72.436    2.500  298.920	 0.000  1.000 -0.000	11.7501 0.0790
VT	 -72.436    2.500  298.920	 0.345  0.000  0.938	0.4683 0.1435
VT	 -72.416    9.292   11.620	-0.938  0.000  0.345	0.4386 0.4279
VT	 -72.416    9.292   11.620	-0.345  0.000 -0.938	0.4741 0.4279
VT	 -72.416   11.168   11.620	-0.938  0.000  0.345	0.4386 0.4900
VT	 -72.416   11.168   11.620	-0.345  0.000 -0.938	0.4741 0.4900
VT	 -72.416   11.168   11.620	 0.000  1.000 -0.000	0.4386 0.4928
VT	 -72.368    0.000  298.896	 0.345  0.000  0.938	0.4723 0.0011
VT	 -72.368    0.000  298.896	 0.938  0.000 -0.346	11.7501 0.0033
VT	 -72.368    2.500  298.896	 0.000  1.000 -0.000	11.7501 0.0841
VT	 -72.368    2.500  298.896	 0.345  0.000  0.938	0.4723 0.1435
VT	 -72.368    2.500  298.896	 0.938  0.000 -0.346	11.7501 0.1438
VT	 -72.024    9.292   12.688	-0.938  0.000  0.345	0.4748 0.4279
VT	 -72.024    9.292   12.688	 0.345  0.000  0.938	0.4392 0.4279
VT	 -72.024   11.168   12.688	-0.938  0.000  0.345	0.4748 0.4900
VT	 -72.024   11.168   12.688	 0.000  1.000 -0.000	0.4748 0.4928
VT	 -72.024   11.168   12.688	 0.345  0.000  0.938	0.4392 0.4900
VT	 -71.392    9.292   11.244	-0.345  0.000 -0.938	0.4392 0.4279
VT	 -71.392    9.292   11.244	 0.938  0.000 -0.345	0.4748 0.4279
VT	 -71.392   11.168   11.244	-0.345  0.000 -0.938	0.4392 0.4900
VT	 -71.392   11.168   11.244	 0.000  1.000 -0.000	0.4386 0.5277
VT	 -71.392   11.168   11.244	 0.938  0.000 -0.345	0.4748 0.4900
VT	 -71.232   -0.428    3.072	-0.345  0.000 -0.938	0.1961 0.4281
VT	 -71.232   -0.428    3.072	 0.000 -1.000 -0.000	0.4355 0.5286
VT	 -71.232   -0.428    3.072	 0.938  0.000 -0.345	0.1931 0.4281
VT	 -71.232    9.292    3.072	-0.345  0.000 -0.938	0.1961 0.5285
VT	 -71.232    9.292    3.072	 0.000  1.000 -0.000	0.2714 0.5286
VT	 -71.232    9.292    3.072	 0.938  0.000 -0.345	0.1931 0.5285
VT	 -71.000    9.292   12.312	 0.345  0.000  0.938	0.4741 0.4279
VT	 -71.000    9.292   12.312	 0.938  0.000 -0.345	0.4386 0.4279
VT	 -71.000   11.168   12.312	 0.000  1.000 -0.000	0.4748 0.5277
VT	 -71.000   11.168   12.312	 0.345  0.000  0.938	0.4741 0.4900
VT	 -71.000   11.168   12.312	 0.938  0.000 -0.345	0.4386 0.4900
VT	 -68.200   -0.428  119.488	-0.932  0.000  0.362	0.1961 0.4281
VT	 -68.200   -0.428  119.488	-0.362  0.000 -0.932	0.1931 0.4281
VT	 -68.200   -0.428  119.488	 0.000 -1.000 -0.000	0.4355 0.5286
VT	 -68.200    9.292  119.488	-0.932  0.000  0.362	0.1961 0.5285
VT	 -68.200    9.292  119.488	-0.362  0.000 -0.932	0.1931 0.5285
VT	 -68.200    9.292  119.488	 0.000  1.000 -0.000	0.2714 0.5286
VT	 -67.316   -0.428   13.712	 0.000 -1.000 -0.000	0.2714 0.5286
VT	 -67.316   -0.428   13.712	 0.345  0.000  0.938	0.0734 0.4281
VT	 -67.316   -0.428   13.712	 0.938  0.000 -0.345	0.0760 0.4281
VT	 -67.316    9.292   13.712	 0.000  1.000 -0.000	0.4355 0.5286
VT	 -67.316    9.292   13.712	 0.345  0.000  0.938	0.0734 0.5285
VT	 -67.316    9.292   13.712	 0.938  0.000 -0.345	0.0760 0.5285
VT	 -65.664   -0.428  126.036	-0.932  0.000  0.362	0.2686 0.4281
VT	 -65.664   -0.428  126.036	 0.000 -1.000 -0.000	0.4355 0.4271
VT	 -65.664   -0.428  126.036	 0.362  0.000  0.932	0.0760 0.4281
VT	 -65.664    9.292  126.036	-0.932  0.000  0.362	0.2686 0.5285
VT	 -65.664    9.292  126.036	 0.000  1.000 -0.000	0.2714 0.4271
VT	 -65.664    9.292  126.036	 0.362  0.000  0.932	0.0760 0.5285
VT	 -64.728    9.292  121.332	-0.932  0.000  0.362	0.4392 0.4279
VT	 -64.728    9.292  121.332	-0.362  0.000 -0.932	0.4748 0.4279
VT	 -64.728   11.168  121.332	-0.932  0.000  0.362	0.4392 0.4900
VT	 -64.728   11.168  121.332	-0.362  0.000 -0.932	0.4748 0.4900
VT	 -64.728   11.168  121.332	 0.000  1.000 -0.000	0.4386 0.5277
VT	 -64.336    9.292  122.352	-0.932  0.000  0.362	0.4741 0.4279
VT	 -64.336    9.292  122.352	 0.362  0.000  0.932	0.4386 0.4279
VT	 -64.336   11.168  122.352	-0.932  0.000  0.362	0.4741 0.4900
VT	 -64.336   11.168  122.352	 0.000  1.000 -0.000	0.4386 0.4928
VT	 -64.336   11.168  122.352	 0.362  0.000  0.932	0.4386 0.4900
VT	 -63.672    9.292  120.920	-0.362  0.000 -0.932	0.4386 0.4279
VT	 -63.672    9.292  120.920	 0.932  0.000 -0.362	0.4741 0.4279
VT	 -63.672   11.168  120.920	-0.362  0.000 -0.932	0.4386 0.4900
VT	 -63.672   11.168  120.920	 0.000  1.000 -0.000	0.4748 0.5277
VT	 -63.672   11.168  120.920	 0.932  0.000 -0.362	0.4741 0.4900
VT	 -63.276    9.292  121.940	 0.362  0.000  0.932	0.4748 0.4279
VT	 -63.276    9.292  121.940	 0.932  0.000 -0.362	0.4392 0.4279
VT	 -63.276   11.168  121.940	 0.000  1.000 -0.000	0.4748 0.4928
VT	 -63.276   11.168  121.940	 0.362  0.000  0.932	0.4748 0.4900
VT	 -63.276   11.168  121.940	 0.932  0.000 -0.362	0.4392 0.4900
VT	 -60.024    9.292  119.508	-0.932  0.000  0.362	0.4392 0.4279
VT	 -60.024    9.292  119.508	-0.362  0.000 -0.932	0.4748 0.4279
VT	 -60.024   11.168  119.508	-0.932  0.000  0.362	0.4392 0.4900
VT	 -60.024   11.168  119.508	-0.362  0.000 -0.932	0.4748 0.4900
VT	 -60.024   11.168  119.508	 0.000  1.000 -0.000	0.4386 0.5277
VT	 -59.632    9.292  120.524	-0.932  0.000  0.362	0.4741 0.4279
VT	 -59.632    9.292  120.524	 0.362  0.000  0.932	0.4386 0.4279
VT	 -59.632   11.168  120.524	-0.932  0.000  0.362	0.4741 0.4900
VT	 -59.632   11.168  120.524	 0.000  1.000 -0.000	0.4386 0.4928
VT	 -59.632   11.168  120.524	 0.362  0.000  0.932	0.4386 0.4900
VT	 -58.968    9.292  119.096	-0.362  0.000 -0.932	0.4386 0.4279
VT	 -58.968    9.292  119.096	 0.932  0.000 -0.362	0.4741 0.4279
VT	 -58.968   11.168  119.096	-0.362  0.000 -0.932	0.4386 0.4900
VT	 -58.968   11.168  119.096	 0.000  1.000 -0.000	0.4748 0.5277
VT	 -58.968   11.168  119.096	 0.932  0.000 -0.362	0.4741 0.4900
VT	 -58.572    9.292  120.116	 0.362  0.000  0.932	0.4748 0.4279
VT	 -58.572    9.292  120.116	 0.932  0.000 -0.362	0.4392 0.4279
VT	 -58.572   11.168  120.116	 0.000  1.000 -0.000	0.4748 0.4928
VT	 -58.572   11.168  120.116	 0.362  0.000  0.932	0.4748 0.4900
VT	 -58.572   11.168  120.116	 0.932  0.000 -0.362	0.4392 0.4900
VT	 -58.364    0.000  337.248	-0.938  0.000  0.346	9.6235 0.0033
VT	 -58.364    0.000  337.248	-0.345  0.000 -0.938	0.5275 0.0001
VT	 -58.364    2.500  337.248	-0.938  0.000  0.346	9.6235 0.1438
VT	 -58.364    2.500  337.248	-0.345  0.000 -0.938	0.5275 0.1432
VT	 -58.364    2.500  337.248	 0.000  1.000 -0.000	9.6235 0.0790
VT	 -58.296    0.000  337.224	-0.345  0.000 -0.938	0.5234 0.0001
VT	 -58.296    0.000  337.224	 0.938  0.000 -0.346	9.6235 0.0033
VT	 -58.296    2.500  337.224	-0.345  0.000 -0.938	0.5234 0.1432
VT	 -58.296    2.500  337.224	 0.000  1.000 -0.000	9.6235 0.0841
VT	 -58.296    2.500  337.224	 0.938  0.000 -0.346	9.6235 0.1438
VT	 -57.628   -0.428  115.388	-0.362  0.000 -0.932	0.0760 0.4281
VT	 -57.628   -0.428  115.388	 0.000 -1.000 -0.000	0.2714 0.5286
VT	 -57.628   -0.428  115.388	 0.932  0.000 -0.362	0.0734 0.4281
VT	 -57.628    9.292  115.388	-0.362  0.000 -0.932	0.0760 0.5285
VT	 -57.628    9.292  115.388	 0.000  1.000 -0.000	0.4355 0.5286
VT	 -57.628    9.292  115.388	 0.932  0.000 -0.362	0.0734 0.5285
VT	 -55.088   -0.428  121.932	 0.000 -1.000 -0.000	0.2714 0.4271
VT	 -55.088   -0.428  121.932	 0.362  0.000  0.932	0.1931 0.4281
VT	 -55.088   -0.428  121.932	 0.932  0.000 -0.362	0.0008 0.4281
VT	 -55.088    9.292  121.932	 0.000  1.000 -0.000	0.4355 0.4271
VT	 -55.088    9.292  121.932	 0.362  0.000  0.932	0.1931 0.5285
VT	 -55.088    9.292  121.932	 0.932  0.000 -0.362	0.0008 0.5285
VT	 -47.912    0.000  365.576	-0.938  0.000  0.346	11.7502 0.0033
VT	 -47.912    0.000  365.576	 0.345  0.000  0.938	0.4866 0.0003
VT	 -47.912    2.500  365.576	-0.938  0.000  0.346	11.7502 0.1438
VT	 -47.912    2.500  365.576	 0.000  1.000 -0.000	11.7502 0.0790
VT	 -47.912    2.500  365.576	 0.345  0.000  0.938	0.4866 0.1438
VT	 -47.892    3.992  -40.352	-0.938  0.000  0.345	0.0121 0.8490
VT	 -47.892    3.992  -40.352	-0.345  0.000 -0.938	0.3123 0.8490
VT	 -47.892    3.992  -40.352	 0.000 -1.000 -0.000	0.4386 0.2631
VT	 -47.892    4.392  -40.352	-0.938  0.000  0.345	0.0121 0.8571
VT	 -47.892    4.392  -40.352	-0.345  0.000 -0.938	0.3123 0.8571
VT	 -47.892    4.392  -40.352	 0.000  1.000 -0.000	0.0005 0.2631
VT	 -47.844    0.000  365.552	 0.345  0.000  0.938	0.4907 0.0003
VT	 -47.844    0.000  365.552	 0.938  0.000 -0.346	11.7502 0.0033
VT	 -47.844    2.500  365.552	 0.000  1.000 -0.000	11.7502 0.0841
VT	 -47.844    2.500  365.552	 0.345  0.000  0.938	0.4907 0.1438
VT	 -47.844    2.500  365.552	 0.938  0.000 -0.346	11.7502 0.1438
VT	 -47.380   -0.008  -40.116	-0.938  0.000  0.345	0.0003 0.1463
VT	 -47.380   -0.008  -40.116	-0.345  0.000 -0.938	0.8119 0.1463
VT	 -47.380    3.992  -40.116	-0.938  0.000  0.345	0.0003 0.2609
VT	 -47.380    3.992  -40.116	-0.345  0.000 -0.938	0.8119 0.2609
VT	 -40.624   -0.008  -42.604	-0.345  0.000 -0.938	0.6050 0.1463
VT	 -40.624   -0.008  -42.604	 0.938  0.000 -0.345	0.6013 0.1463
VT	 -40.624    3.992  -42.604	-0.345  0.000 -0.938	0.6050 0.2609
VT	 -40.624    3.992  -42.604	 0.938  0.000 -0.345	0.6013 0.2609
VT	 -40.436    3.992  -20.080	-0.938  0.000  0.345	0.4502 0.8490
VT	 -40.436    3.992  -20.080	 0.000 -1.000 -0.000	0.0005 0.2631
VT	 -40.436    3.992  -20.080	 0.345  0.000  0.938	0.1500 0.8490
VT	 -40.436    4.392  -20.080	-0.938  0.000  0.345	0.4502 0.8571
VT	 -40.436    4.392  -20.080	 0.000  1.000 -0.000	0.4386 0.2631
VT	 -40.436    4.392  -20.080	 0.345  0.000  0.938	0.1500 0.8571
VT	 -40.384    3.992  -43.116	-0.345  0.000 -0.938	0.1500 0.8490
VT	 -40.384    3.992  -43.116	 0.000 -1.000 -0.000	0.4386 0.4254
VT	 -40.384    3.992  -43.116	 0.938  0.000 -0.345	0.4502 0.8490
VT	 -40.384    4.392  -43.116	-0.345  0.000 -0.938	0.1500 0.8571
VT	 -40.384    4.392  -43.116	 0.000  1.000 -0.000	0.0005 0.4254
VT	 -40.384    4.392  -43.116	 0.938  0.000 -0.345	0.4502 0.8571
VT	 -40.208    0.000  -44.708	-0.938  0.000  0.346	0.0001 0.0033
VT	 -40.208    0.000  -44.708	-0.345  0.000 -0.938	0.0370 0.0033
VT	 -40.208    0.000  -44.708	 0.000 -1.000 -0.000	13.7510 0.0630
VT	 -40.208    2.500  -44.708	-0.938  0.000  0.346	0.0001 0.1438
VT	 -40.208    2.500  -44.708	-0.345  0.000 -0.938	0.0370 0.1438
VT	 -40.208    2.500  -44.708	 0.000  1.000 -0.000	0.0001 0.0790
VT	 -40.196   -0.008  -20.596	-0.938  0.000  0.345	0.6013 0.1463
VT	 -40.196   -0.008  -20.596	 0.345  0.000  0.938	0.6050 0.1463
VT	 -40.196    3.992  -20.596	-0.938  0.000  0.345	0.6013 0.2609
VT	 -40.196    3.992  -20.596	 0.345  0.000  0.938	0.6050 0.2609
VT	 -40.140    0.000  -44.732	-0.345  0.000 -0.938	0.0159 0.0033
VT	 -40.140    0.000  -44.732	 0.000 -1.000 -0.000	13.7510 0.0841
VT	 -40.140    0.000  -44.732	 0.938  0.000 -0.346	0.0001 0.0033
VT	 -40.140    2.500  -44.732	-0.345  0.000 -0.938	0.0159 0.1438
VT	 -40.140    2.500  -44.732	 0.000  1.000 -0.000	0.0001 0.0841
VT	 -40.140    2.500  -44.732	 0.938  0.000 -0.346	0.0001 0.1438
VT	 -34.180   -0.428   92.876	-0.932  0.000  0.362	0.0760 0.4281
VT	 -34.180   -0.428   92.876	-0.362  0.000 -0.932	0.2686 0.4281
VT	 -34.180   -0.428   92.876	 0.000 -1.000 -0.000	0.4355 0.4271
VT	 -34.180    9.292   92.876	-0.932  0.000  0.362	0.0760 0.5285
VT	 -34.180    9.292   92.876	-0.362  0.000 -0.932	0.2686 0.5285
VT	 -34.180    9.292   92.876	 0.000  1.000 -0.000	0.2714 0.4271
VT	 -33.440   -0.008  -23.080	 0.345  0.000  0.938	0.8119 0.1463
VT	 -33.440   -0.008  -23.080	 0.938  0.000 -0.345	0.0003 0.1463
VT	 -33.440    3.992  -23.080	 0.345  0.000  0.938	0.8119 0.2609
VT	 -33.440    3.992  -23.080	 0.938  0.000 -0.345	0.0003 0.2609
VT	 -32.928    3.992  -22.844	 0.000 -1.000 -0.000	0.0005 0.4254
VT	 -32.928    3.992  -22.844	 0.345  0.000  0.938	0.3123 0.8490
VT	 -32.928    3.992  -22.844	 0.938  0.000 -0.345	0.0121 0.8490
VT	 -32.928    4.392  -22.844	 0.000  1.000 -0.000	0.4386 0.4254
VT	 -32.928    4.392  -22.844	 0.345  0.000  0.938	0.3123 0.8571
VT	 -32.928    4.392  -22.844	 0.938  0.000 -0.345	0.0121 0.8571
VT	 -31.460    0.000  411.552	-0.938  0.000  0.346	9.6235 0.0033
VT	 -31.460    0.000  411.552	-0.345  0.000 -0.938	0.5275 0.0001
VT	 -31.460    0.000  411.552	 0.000 -1.000 -0.000	9.6235 0.0033
VT	 -31.460    2.500  411.552	-0.938  0.000  0.346	9.6235 0.1438
VT	 -31.460    2.500  411.552	-0.345  0.000 -0.938	0.5275 0.1432
VT	 -31.460    2.500  411.552	 0.000  1.000 -0.000	9.6235 0.0790
VT	 -31.392    0.000  411.528	-0.345  0.000 -0.938	0.5234 0.0001
VT	 -31.392    0.000  411.528	 0.000 -1.000 -0.000	0.5234 0.0001
VT	 -31.392    0.000  411.528	 0.938  0.000 -0.346	9.6235 0.0033
VT	 -31.392    2.500  411.528	-0.345  0.000 -0.938	0.5234 0.1432
VT	 -31.392    2.500  411.528	 0.000  1.000 -0.000	9.6235 0.0841
VT	 -31.392    2.500  411.528	 0.938  0.000 -0.346	9.6235 0.1438
VT	 -30.496    9.292   94.204	-0.932  0.000  0.362	0.4386 0.4279
VT	 -30.496    9.292   94.204	-0.362  0.000 -0.932	0.4741 0.4279
VT	 -30.496   11.168   94.204	-0.932  0.000  0.362	0.4386 0.4900
VT	 -30.496   11.168   94.204	-0.362  0.000 -0.932	0.4741 0.4900
VT	 -30.496   11.168   94.204	 0.000  1.000 -0.000	0.4386 0.4928
VT	 -30.084    9.292   95.260	-0.932  0.000  0.362	0.4748 0.4279
VT	 -30.084    9.292   95.260	 0.362  0.000  0.932	0.4392 0.4279
VT	 -30.084   11.168   95.260	-0.932  0.000  0.362	0.4748 0.4900
VT	 -30.084   11.168   95.260	 0.000  1.000 -0.000	0.4748 0.4928
VT	 -30.084   11.168   95.260	 0.362  0.000  0.932	0.4392 0.4900
VT	 -30.080   -0.428  103.448	-0.932  0.000  0.362	0.1931 0.4281
VT	 -30.080   -0.428  103.448	 0.000 -1.000 -0.000	0.2714 0.4271
VT	 -30.080   -0.428  103.448	 0.362  0.000  0.932	0.0008 0.4281
VT	 -30.080    9.292  103.448	-0.932  0.000  0.362	0.1931 0.5285
VT	 -30.080    9.292  103.448	 0.000  1.000 -0.000	0.4355 0.4271
VT	 -30.080    9.292  103.448	 0.362  0.000  0.932	0.0008 0.5285
VT	 -29.476    9.292   93.808	-0.362  0.000 -0.932	0.4392 0.4279
VT	 -29.476    9.292   93.808	 0.932  0.000 -0.362	0.4748 0.4279
VT	 -29.476   11.168   93.808	-0.362  0.000 -0.932	0.4392 0.4900
VT	 -29.476   11.168   93.808	 0.000  1.000 -0.000	0.4386 0.5277
VT	 -29.476   11.168   93.808	 0.932  0.000 -0.362	0.4748 0.4900
VT	 -29.064    9.292   94.868	 0.362  0.000  0.932	0.4741 0.4279
VT	 -29.064    9.292   94.868	 0.932  0.000 -0.362	0.4386 0.4279
VT	 -29.064   11.168   94.868	 0.000  1.000 -0.000	0.4748 0.5277
VT	 -29.064   11.168   94.868	 0.362  0.000  0.932	0.4741 0.4900
VT	 -29.064   11.168   94.868	 0.932  0.000 -0.362	0.4386 0.4900
VT	 -28.672    9.292   98.908	-0.932  0.000  0.362	0.4386 0.4279
VT	 -28.672    9.292   98.908	-0.362  0.000 -0.932	0.4741 0.4279
VT	 -28.672   11.168   98.908	-0.932  0.000  0.362	0.4386 0.4900
VT	 -28.672   11.168   98.908	-0.362  0.000 -0.932	0.4741 0.4900
VT	 -28.672   11.168   98.908	 0.000  1.000 -0.000	0.4386 0.4928
VT	 -28.260    9.292   99.964	-0.932  0.000  0.362	0.4748 0.4279
VT	 -28.260    9.292   99.964	 0.362  0.000  0.932	0.4392 0.4279
VT	 -28.260   11.168   99.964	-0.932  0.000  0.362	0.4748 0.4900
VT	 -28.260   11.168   99.964	 0.000  1.000 -0.000	0.4748 0.4928
VT	 -28.260   11.168   99.964	 0.362  0.000  0.932	0.4392 0.4900
VT	 -27.652    9.292   98.512	-0.362  0.000 -0.932	0.4392 0.4279
VT	 -27.652    9.292   98.512	 0.932  0.000 -0.362	0.4748 0.4279
VT	 -27.652   11.168   98.512	-0.362  0.000 -0.932	0.4392 0.4900
VT	 -27.652   11.168   98.512	 0.000  1.000 -0.000	0.4386 0.5277
VT	 -27.652   11.168   98.512	 0.932  0.000 -0.362	0.4748 0.4900
VT	 -27.636   -0.428   90.336	-0.362  0.000 -0.932	0.1961 0.4281
VT	 -27.636   -0.428   90.336	 0.000 -1.000 -0.000	0.4355 0.5286
VT	 -27.636   -0.428   90.336	 0.932  0.000 -0.362	0.1931 0.4281
VT	 -27.636    9.292   90.336	-0.362  0.000 -0.932	0.1961 0.5285
VT	 -27.636    9.292   90.336	 0.000  1.000 -0.000	0.2714 0.5286
VT	 -27.636    9.292   90.336	 0.932  0.000 -0.362	0.1931 0.5285
VT	 -27.240    9.292   99.572	 0.362  0.000  0.932	0.4741 0.4279
VT	 -27.240    9.292   99.572	 0.932  0.000 -0.362	0.4386 0.4279
VT	 -27.240   11.168   99.572	 0.000  1.000 -0.000	0.4748 0.5277
VT	 -27.240   11.168   99.572	 0.362  0.000  0.932	0.4741 0.4900
VT	 -27.240   11.168   99.572	 0.932  0.000 -0.362	0.4386 0.4900
VT	 -24.788   -0.428   89.232	-0.932  0.000  0.362	0.0760 0.4281
VT	 -24.788   -0.428   89.232	-0.362  0.000 -0.932	0.2686 0.4281
VT	 -24.788   -0.428   89.232	 0.000 -1.000 -0.000	0.4355 0.4271
VT	 -24.788    9.292   89.232	-0.932  0.000  0.362	0.0760 0.5285
VT	 -24.788    9.292   89.232	-0.362  0.000 -0.932	0.2686 0.5285
VT	 -24.788    9.292   89.232	 0.000  1.000 -0.000	0.2714 0.4271
VT	 -23.532   -0.428  100.908	 0.000 -1.000 -0.000	0.2714 0.5286
VT	 -23.532   -0.428  100.908	 0.362  0.000  0.932	0.0734 0.4281
VT	 -23.532   -0.428  100.908	 0.932  0.000 -0.362	0.0760 0.4281
VT	 -23.532    9.292  100.908	 0.000  1.000 -0.000	0.4355 0.5286
VT	 -23.532    9.292  100.908	 0.362  0.000  0.932	0.0734 0.5285
VT	 -23.532    9.292  100.908	 0.932  0.000 -0.362	0.0760 0.5285
VT	 -21.104    9.292   90.560	-0.932  0.000  0.362	0.4386 0.4279
VT	 -21.104    9.292   90.560	-0.362  0.000 -0.932	0.4741 0.4279
VT	 -21.104   11.168   90.560	-0.932  0.000  0.362	0.4386 0.4900
VT	 -21.104   11.168   90.560	-0.362  0.000 -0.932	0.4741 0.4900
VT	 -21.104   11.168   90.560	 0.000  1.000 -0.000	0.4386 0.4928
VT	 -20.704    0.000  440.704	-0.938  0.000  0.346	11.8120 0.0033
VT	 -20.704    0.000  440.704	 0.000 -1.000 -0.000	1.4602 0.0005
VT	 -20.704    0.000  440.704	 0.345  0.000  0.938	0.5316 0.0005
VT	 -20.704    2.500  440.704	-0.938  0.000  0.346	11.8120 0.1438
VT	 -20.704    2.500  440.704	 0.000  1.000 -0.000	11.8120 0.0790
VT	 -20.704    2.500  440.704	 0.345  0.000  0.938	0.5316 0.1437
VT	 -20.696    9.292   91.620	-0.932  0.000  0.362	0.4748 0.4279
VT	 -20.696    9.292   91.620	 0.362  0.000  0.932	0.4392 0.4279
VT	 -20.696   11.168   91.620	-0.932  0.000  0.362	0.4748 0.4900
VT	 -20.696   11.168   91.620	 0.000  1.000 -0.000	0.4748 0.4928
VT	 -20.696   11.168   91.620	 0.362  0.000  0.932	0.4392 0.4900
VT	 -20.688   -0.428   99.804	-0.932  0.000  0.362	0.1931 0.4281
VT	 -20.688   -0.428   99.804	 0.000 -1.000 -0.000	0.2714 0.4271
VT	 -20.688   -0.428   99.804	 0.362  0.000  0.932	0.0008 0.4281
VT	 -20.688    9.292   99.804	-0.932  0.000  0.362	0.1931 0.5285
VT	 -20.688    9.292   99.804	 0.000  1.000 -0.000	0.4355 0.4271
VT	 -20.688    9.292   99.804	 0.362  0.000  0.932	0.0008 0.5285
VT	 -20.636    0.000  440.680	 0.000 -1.000 -0.000	10.8780 0.0030
VT	 -20.636    0.000  440.680	 0.345  0.000  0.938	0.5357 0.0005
VT	 -20.636    0.000  440.680	 0.938  0.000 -0.346	11.8120 0.0033
VT	 -20.636    2.500  440.680	 0.000  1.000 -0.000	11.8120 0.0841
VT	 -20.636    2.500  440.680	 0.345  0.000  0.938	0.5357 0.1437
VT	 -20.636    2.500  440.680	 0.938  0.000 -0.346	11.8120 0.1438
VT	 -20.088    9.292   90.164	-0.362  0.000 -0.932	0.4392 0.4279
VT	 -20.088    9.292   90.164	 0.932  0.000 -0.362	0.4748 0.4279
VT	 -20.088   11.168   90.164	-0.362  0.000 -0.932	0.4392 0.4900
VT	 -20.088   11.168   90.164	 0.000  1.000 -0.000	0.4386 0.5277
VT	 -20.088   11.168   90.164	 0.932  0.000 -0.362	0.4748 0.4900
VT	 -19.676    9.292   91.224	 0.362  0.000  0.932	0.4741 0.4279
VT	 -19.676    9.292   91.224	 0.932  0.000 -0.362	0.4386 0.4279
VT	 -19.676   11.168   91.224	 0.000  1.000 -0.000	0.4748 0.5277
VT	 -19.676   11.168   91.224	 0.362  0.000  0.932	0.4741 0.4900
VT	 -19.676   11.168   91.224	 0.932  0.000 -0.362	0.4386 0.4900
VT	 -19.280    9.292   95.264	-0.932  0.000  0.362	0.4386 0.4279
VT	 -19.280    9.292   95.264	-0.362  0.000 -0.932	0.4741 0.4279
VT	 -19.280   11.168   95.264	-0.932  0.000  0.362	0.4386 0.4900
VT	 -19.280   11.168   95.264	-0.362  0.000 -0.932	0.4741 0.4900
VT	 -19.280   11.168   95.264	 0.000  1.000 -0.000	0.4386 0.4928
VT	 -18.868    9.292   96.324	-0.932  0.000  0.362	0.4748 0.4279
VT	 -18.868    9.292   96.324	 0.362  0.000  0.932	0.4392 0.4279
VT	 -18.868   11.168   96.324	-0.932  0.000  0.362	0.4748 0.4900
VT	 -18.868   11.168   96.324	 0.000  1.000 -0.000	0.4748 0.4928
VT	 -18.868   11.168   96.324	 0.362  0.000  0.932	0.4392 0.4900
VT	 -18.260    9.292   94.868	-0.362  0.000 -0.932	0.4392 0.4279
VT	 -18.260    9.292   94.868	 0.932  0.000 -0.362	0.4748 0.4279
VT	 -18.260   11.168   94.868	-0.362  0.000 -0.932	0.4392 0.4900
VT	 -18.260   11.168   94.868	 0.000  1.000 -0.000	0.4386 0.5277
VT	 -18.260   11.168   94.868	 0.932  0.000 -0.362	0.4748 0.4900
VT	 -18.244   -0.428   86.692	-0.362  0.000 -0.932	0.1961 0.4281
VT	 -18.244   -0.428   86.692	 0.000 -1.000 -0.000	0.4355 0.5286
VT	 -18.244   -0.428   86.692	 0.932  0.000 -0.362	0.1931 0.4281
VT	 -18.244    9.292   86.692	-0.362  0.000 -0.932	0.1961 0.5285
VT	 -18.244    9.292   86.692	 0.000  1.000 -0.000	0.2714 0.5286
VT	 -18.244    9.292   86.692	 0.932  0.000 -0.362	0.1931 0.5285
VT	 -17.852    9.292   95.928	 0.362  0.000  0.932	0.4741 0.4279
VT	 -17.852    9.292   95.928	 0.932  0.000 -0.362	0.4386 0.4279
VT	 -17.852   11.168   95.928	 0.000  1.000 -0.000	0.4748 0.5277
VT	 -17.852   11.168   95.928	 0.362  0.000  0.932	0.4741 0.4900
VT	 -17.852   11.168   95.928	 0.932  0.000 -0.362	0.4386 0.4900
VT	 -14.144   -0.428   97.268	 0.000 -1.000 -0.000	0.2714 0.5286
VT	 -14.144   -0.428   97.268	 0.362  0.000  0.932	0.0734 0.4281
VT	 -14.144   -0.428   97.268	 0.932  0.000 -0.362	0.0760 0.4281
VT	 -14.144    9.292   97.268	 0.000  1.000 -0.000	0.4355 0.5286
VT	 -14.144    9.292   97.268	 0.362  0.000  0.932	0.0734 0.5285
VT	 -14.144    9.292   97.268	 0.932  0.000 -0.362	0.0760 0.5285
VT	 -11.568    0.000  378.796	-0.938  0.000  0.345	0.0159 0.0033
VT	 -11.568    0.000  378.796	-0.346  0.000 -0.938	0.0001 0.0033
VT	 -11.568    2.500  378.796	-0.938  0.000  0.345	0.0159 0.1438
VT	 -11.568    2.500  378.796	-0.346  0.000 -0.938	0.0001 0.1438
VT	 -11.568    2.500  378.796	 0.000  1.000 -0.000	0.0001 0.0841
VT	 -11.544    0.000  378.864	-0.938  0.000  0.345	0.0370 0.0033
VT	 -11.544    0.000  378.864	 0.346  0.000  0.938	0.0001 0.0033
VT	 -11.544    2.500  378.864	-0.938  0.000  0.345	0.0370 0.1438
VT	 -11.544    2.500  378.864	 0.000  1.000 -0.000	0.0001 0.0790
VT	 -11.544    2.500  378.864	 0.346  0.000  0.938	0.0001 0.1438
VT	  15.360   10.000  297.556	-0.938  0.000  0.345	0.2996 0.8464
VT	  15.360   10.000  297.556	-0.345  0.000 -0.938	0.7857 0.8464
VT	  15.360   10.000  297.556	 0.000 -1.000 -0.000	0.7857 0.8432
VT	  15.360   10.800  297.556	-0.938  0.000  0.345	0.2996 0.8603
VT	  15.360   10.800  297.556	-0.345  0.000 -0.938	0.7857 0.8603
VT	  15.360   10.800  297.556	 0.000  1.000 -0.000	0.7857 0.6605
VT	  16.556    0.000  297.916	-0.938  0.000  0.345	0.8226 0.8625
VT	  16.556    0.000  297.916	-0.345 -0.000 -0.938	0.8207 0.8625
VT	  16.556   10.000  297.916	-0.938  0.000  0.345	0.8226 0.9987
VT	  16.556   10.000  297.916	-0.345 -0.000 -0.938	0.8207 0.9987
VT	  20.368   10.000  311.164	-0.938  0.000  0.345	0.4823 0.8464
VT	  20.368   10.000  311.164	 0.000 -1.000 -0.000	0.7857 0.6605
VT	  20.368   10.000  311.164	 0.345  0.000  0.938	0.0003 0.8464
VT	  20.368   10.800  311.164	-0.938  0.000  0.345	0.4823 0.8603
VT	  20.368   10.800  311.164	 0.000  1.000 -0.000	0.7857 0.8432
VT	  20.368   10.800  311.164	 0.345  0.000  0.938	0.0003 0.8603
VT	  21.048    0.000  310.116	-0.938  0.000  0.345	0.9997 0.8625
VT	  21.048    0.000  310.116	 0.345  0.000  0.938	0.0005 0.8625
VT	  21.048   10.000  310.116	-0.938  0.000  0.345	0.9997 0.9987
VT	  21.048   10.000  310.116	 0.345  0.000  0.938	0.0005 0.9987
VT	  27.376    0.000  138.460	-0.938  0.000  0.346	13.7510 0.0033
VT	  27.376    0.000  138.460	 0.000 -1.000 -0.000	0.0001 0.0630
VT	  27.376    0.000  138.460	 0.345  0.000  0.938	0.0159 0.0033
VT	  27.376    2.500  138.460	-0.938  0.000  0.346	13.7510 0.1438
VT	  27.376    2.500  138.460	 0.000  1.000 -0.000	13.7510 0.0790
VT	  27.376    2.500  138.460	 0.345  0.000  0.938	0.0159 0.1438
VT	  27.440    0.000  138.436	 0.000 -1.000 -0.000	0.0001 0.0841
VT	  27.440    0.000  138.436	 0.345  0.000  0.938	0.0370 0.0033
VT	  27.440    0.000  138.436	 0.938  0.000 -0.346	13.7510 0.0033
VT	  27.440    2.500  138.436	 0.000  1.000 -0.000	13.7510 0.0841
VT	  27.440    2.500  138.436	 0.345  0.000  0.938	0.0370 0.1438
VT	  27.440    2.500  138.436	 0.938  0.000 -0.346	13.7510 0.1438
VT	  37.256    0.000  250.964	-0.938  0.000  0.345	0.5439 0.5311
VT	  37.256    0.000  250.964	-0.345  0.000 -0.938	0.5398 0.5311
VT	  37.256    5.000  250.964	-0.938  0.000  0.345	0.5439 0.6585
VT	  37.256    5.000  250.964	-0.345  0.000 -0.938	0.5398 0.6585
VT	  40.536    0.000  259.880	-0.938  0.000  0.345	0.7859 0.5311
VT	  40.536    0.000  259.880	 0.345  0.000  0.938	0.0008 0.5311
VT	  40.536    5.000  259.880	-0.938  0.000  0.345	0.7859 0.6585
VT	  40.536    5.000  259.880	 0.345  0.000  0.938	0.0008 0.6585
VT	  56.964    0.000  243.712	-0.345  0.000 -0.938	0.0008 0.5311
VT	  56.964    0.000  243.712	 0.938  0.000 -0.345	0.7859 0.5311
VT	  56.964    5.000  243.712	-0.345  0.000 -0.938	0.0008 0.6585
VT	  56.964    5.000  243.712	 0.938  0.000 -0.345	0.7859 0.6585
VT	  59.188    0.000  352.692	-0.346  0.000 -0.938	0.0001 0.0033
VT	  59.188    0.000  352.692	-0.346  0.000 -0.938	5.3121 0.0033
VT	  59.188    0.000  352.692	 0.000 -1.000 -0.000	0.0159 0.0033
VT	  59.188    2.500  352.692	-0.346  0.000 -0.938	0.0001 0.1438
VT	  59.188    2.500  352.692	-0.346  0.000 -0.938	5.3121 0.1438
VT	  59.188    2.500  352.692	 0.000  1.000 -0.000	0.0001 0.0841
VT	  59.188    2.500  352.692	 0.000  1.000 -0.000	5.3121 0.0841
VT	  59.212    0.000  352.760	 0.000 -1.000 -0.000	0.0001 0.0033
VT	  59.212    0.000  352.760	 0.346  0.000  0.938	0.0001 0.0033
VT	  59.212    0.000  352.760	 0.346  0.000  0.938	5.3121 0.0033
VT	  59.212    2.500  352.760	 0.000  1.000 -0.000	0.0001 0.0790
VT	  59.212    2.500  352.760	 0.000  1.000 -0.000	5.3121 0.0790
VT	  59.212    2.500  352.760	 0.346  0.000  0.938	0.0001 0.1438
VT	  59.212    2.500  352.760	 0.346  0.000  0.938	5.3121 0.1438
VT	  60.248    0.000  252.628	 0.345  0.000  0.938	0.5398 0.5311
VT	  60.248    0.000  252.628	 0.938  0.000 -0.345	0.5439 0.5311
VT	  60.248    5.000  252.628	 0.345  0.000  0.938	0.5398 0.6585
VT	  60.248    5.000  252.628	 0.938  0.000 -0.345	0.5439 0.6585
VT	  72.868    0.000  277.200	-0.345 -0.000 -0.938	0.0005 0.8625
VT	  72.868    0.000  277.200	 0.938  0.000 -0.345	0.9997 0.8625
VT	  72.868   10.000  277.200	-0.345 -0.000 -0.938	0.0005 0.9987
VT	  72.868   10.000  277.200	 0.938  0.000 -0.345	0.9997 0.9987
VT	  73.548   10.000  276.148	-0.345  0.000 -0.938	0.0003 0.8464
VT	  73.548   10.000  276.148	 0.000 -1.000 -0.000	0.0003 0.8432
VT	  73.548   10.000  276.148	 0.938  0.000 -0.345	0.4823 0.8464
VT	  73.548   10.800  276.148	-0.345  0.000 -0.938	0.0003 0.8603
VT	  73.548   10.800  276.148	 0.000  1.000 -0.000	0.0003 0.6605
VT	  73.548   10.800  276.148	 0.938  0.000 -0.345	0.4823 0.8603
VT	  77.356    0.000  289.400	 0.345  0.000  0.938	0.8207 0.8625
VT	  77.356    0.000  289.400	 0.938  0.000 -0.345	0.8226 0.8625
VT	  77.356   10.000  289.400	 0.345  0.000  0.938	0.8207 0.9987
VT	  77.356   10.000  289.400	 0.938 -0.000 -0.345	0.8226 0.9987
VT	  78.552   10.000  289.756	 0.000 -1.000 -0.000	0.0003 0.6605
VT	  78.552   10.000  289.756	 0.345  0.000  0.938	0.7857 0.8464
VT	  78.552   10.000  289.756	 0.938  0.000 -0.345	0.2996 0.8464
VT	  78.552   10.800  289.756	 0.000  1.000 -0.000	0.0003 0.8432
VT	  78.552   10.800  289.756	 0.345  0.000  0.938	0.7857 0.8603
VT	  78.552   10.800  289.756	 0.938  0.000 -0.345	0.2996 0.8603
VT	 110.320    0.000  248.476	-0.938  0.000  0.346	0.0001 0.0033
VT	 110.320    0.000  248.476	-0.345  0.000 -0.938	0.0370 0.0033
VT	 110.320    2.500  248.476	-0.938  0.000  0.346	0.0001 0.1438
VT	 110.320    2.500  248.476	-0.345  0.000 -0.938	0.0370 0.1438
VT	 110.320    2.500  248.476	 0.000  1.000 -0.000	0.0001 0.0790
VT	 110.388    0.000  248.452	-0.345  0.000 -0.938	0.0159 0.0033
VT	 110.388    0.000  248.452	 0.938  0.000 -0.346	0.0001 0.0033
VT	 110.388    2.500  248.452	-0.345  0.000 -0.938	0.0159 0.1438
VT	 110.388    2.500  248.452	 0.000  1.000 -0.000	0.0001 0.0841
VT	 110.388    2.500  248.452	 0.938  0.000 -0.346	0.0001 0.1438
VT	 129.948    0.000  326.584	-0.346  0.000 -0.938	5.3121 0.0033
VT	 129.948    0.000  326.584	 0.000 -1.000 -0.000	5.3121 0.0033
VT	 129.948    0.000  326.584	 0.938  0.000 -0.345	0.5257 0.0001
VT	 129.948    2.500  326.584	-0.346  0.000 -0.938	5.3121 0.1438
VT	 129.948    2.500  326.584	 0.000  1.000 -0.000	5.3121 0.0841
VT	 129.948    2.500  326.584	 0.938  0.000 -0.345	0.5257 0.1432
VT	 129.972    0.000  326.652	 0.000 -1.000 -0.000	0.5216 0.0001
VT	 129.972    0.000  326.652	 0.346  0.000  0.938	5.3121 0.0033
VT	 129.972    0.000  326.652	 0.939 -0.000 -0.345	0.5216 0.0001
VT	 129.972    2.500  326.652	 0.000  1.000 -0.000	5.3121 0.0790
VT	 129.972    2.500  326.652	 0.346  0.000  0.938	5.3121 0.1438
VT	 129.972    2.500  326.652	 0.938  0.000 -0.345	0.5216 0.1432
VT	 136.424    0.000  319.232	-0.938  0.000  0.346	5.3121 0.0033
VT	 136.424    0.000  319.232	 0.345 -0.000  0.939	0.5216 0.0001
VT	 136.424    2.500  319.232	-0.938  0.000  0.346	5.3121 0.1438
VT	 136.424    2.500  319.232	 0.000  1.000 -0.000	5.3121 0.0790
VT	 136.424    2.500  319.232	 0.345  0.000  0.938	0.5216 0.1432
VT	 136.492    0.000  319.208	 0.345  0.000  0.938	0.5257 0.0001
VT	 136.492    0.000  319.208	 0.938  0.000 -0.346	5.3121 0.0033
VT	 136.492    2.500  319.208	 0.000  1.000 -0.000	5.3121 0.0841
VT	 136.492    2.500  319.208	 0.345  0.000  0.938	0.5257 0.1432
VT	 136.492    2.500  319.208	 0.938  0.000 -0.346	5.3121 0.1438
VT	 138.916    0.000  326.196	-0.938  0.000  0.346	0.0001 0.0033
VT	 138.916    0.000  326.196	-0.345  0.000 -0.938	0.0370 0.0033
VT	 138.916    2.500  326.196	-0.938  0.000  0.346	0.0001 0.1438
VT	 138.916    2.500  326.196	-0.345  0.000 -0.938	0.0370 0.1438
VT	 138.916    2.500  326.196	 0.000  1.000 -0.000	0.0001 0.0790
VT	 138.980    0.000  326.172	-0.345  0.000 -0.938	0.0159 0.0033
VT	 138.980    0.000  326.172	 0.938  0.000 -0.346	0.0001 0.0033
VT	 138.980    2.500  326.172	-0.345  0.000 -0.938	0.0159 0.1438
VT	 138.980    2.500  326.172	 0.000  1.000 -0.000	0.0001 0.0841
VT	 138.980    2.500  326.172	 0.938  0.000 -0.346	0.0001 0.1438
VT	 150.948    5.000 -184.080	-0.904  0.000 -0.427	0.4502 0.8490
VT	 150.948    5.000 -184.080	-0.427  0.000  0.904	0.1500 0.8490
VT	 150.948    5.000 -184.080	 0.000 -1.000 -0.000	0.0005 0.2631
VT	 150.948    5.500 -184.080	-0.904  0.000 -0.427	0.4502 0.8571
VT	 150.948    5.500 -184.080	-0.427  0.000  0.904	0.1500 0.8571
VT	 150.948    5.500 -184.080	 0.000  1.000 -0.000	0.4386 0.2631
VT	 151.612    0.000 -184.316	-0.904  0.000 -0.427	0.6013 0.1463
VT	 151.612    0.000 -184.316	-0.427  0.000  0.904	0.6050 0.1463
VT	 151.612    5.000 -184.316	-0.904  0.000 -0.427	0.6013 0.2609
VT	 151.612    5.000 -184.316	-0.427  0.000  0.904	0.6050 0.2609
VT	 159.748    0.000 -180.472	-0.427  0.000  0.904	0.8119 0.1463
VT	 159.748    0.000 -180.472	 0.904  0.000  0.427	0.0003 0.1463
VT	 159.748    5.000 -180.472	-0.427  0.000  0.904	0.8119 0.2609
VT	 159.748    5.000 -180.472	 0.904  0.000  0.427	0.0003 0.2609
VT	 159.988    5.000 -179.804	-0.427  0.000  0.904	0.3123 0.8490
VT	 159.988    5.000 -179.804	 0.000 -1.000 -0.000	0.0005 0.4254
VT	 159.988    5.000 -179.804	 0.904  0.000  0.427	0.0121 0.8490
VT	 159.988    5.500 -179.804	-0.427  0.000  0.904	0.3123 0.8571
VT	 159.988    5.500 -179.804	 0.000  1.000 -0.000	0.4386 0.4254
VT	 159.988    5.500 -179.804	 0.904  0.000  0.427	0.0121 0.8571
VT	 162.484    5.000 -208.488	-0.904  0.000 -0.427	0.0121 0.8490
VT	 162.484    5.000 -208.488	 0.000 -1.000 -0.000	0.4386 0.2631
VT	 162.484    5.000 -208.488	 0.427  0.000 -0.904	0.3123 0.8490
VT	 162.484    5.500 -208.488	-0.904  0.000 -0.427	0.0121 0.8571
VT	 162.484    5.500 -208.488	 0.000  1.000 -0.000	0.0005 0.2631
VT	 162.484    5.500 -208.488	 0.427  0.000 -0.904	0.3123 0.8571
VT	 162.724    0.000 -207.824	-0.904  0.000 -0.427	0.0003 0.1463
VT	 162.724    0.000 -207.824	 0.427  0.000 -0.904	0.8119 0.1463
VT	 162.724    5.000 -207.824	-0.904  0.000 -0.427	0.0003 0.2609
VT	 162.724    5.000 -207.824	 0.427  0.000 -0.904	0.8119 0.2609
VT	 165.020    0.000  396.952	-0.938  0.000  0.346	5.3121 0.0033
VT	 165.020    0.000  396.952	 0.345 -0.000  0.939	0.5216 0.0001
VT	 165.020    2.500  396.952	-0.938  0.000  0.346	5.3121 0.1438
VT	 165.020    2.500  396.952	 0.000  1.000 -0.000	5.3121 0.0790
VT	 165.020    2.500  396.952	 0.345  0.000  0.938	0.5216 0.1432
VT	 165.088    0.000  396.928	 0.345  0.000  0.938	0.5257 0.0001
VT	 165.088    0.000  396.928	 0.938  0.000 -0.346	5.3121 0.0033
VT	 165.088    2.500  396.928	 0.000  1.000 -0.000	5.3121 0.0841
VT	 165.088    2.500  396.928	 0.345  0.000  0.938	0.5257 0.1432
VT	 165.088    2.500  396.928	 0.938  0.000 -0.346	5.3121 0.1438
VT	 170.860    0.000 -203.976	 0.427  0.000 -0.904	0.6050 0.1463
VT	 170.860    0.000 -203.976	 0.904  0.000  0.427	0.6013 0.1463
VT	 170.860    5.000 -203.976	 0.427  0.000 -0.904	0.6050 0.2609
VT	 170.860    5.000 -203.976	 0.904  0.000  0.427	0.6013 0.2609
VT	 171.528    5.000 -204.216	 0.000 -1.000 -0.000	0.4386 0.4254
VT	 171.528    5.000 -204.216	 0.427  0.000 -0.904	0.1500 0.8490
