I
800	# Converted by FS2XPlane 3.26
OBJ

# file GSEaprontengah12.bgl

TEXTURE		cargopallet.dds
TEXTURE_LIT	cargopallet_LIT.dds
POINT_COUNTS	120 0 0 216

VT	 325.580    0.628 -498.868	-0.940  0.000  0.342	0.2381 0.5826
VT	 325.580    0.628 -498.868	-0.646 -0.726  0.235	0.4682 0.6950
VT	 325.580    0.628 -498.868	-0.342  0.000 -0.940	0.0107 0.5663
VT	 325.580    2.000 -498.868	-0.940  0.000  0.342	0.2381 0.6852
VT	 325.580    2.000 -498.868	-0.342  0.000 -0.940	0.0107 0.6720
VT	 325.580    2.000 -498.868	 0.000  1.000 -0.000	0.4636 0.8467
VT	 326.204    0.000 -499.096	-0.646 -0.726  0.235	0.3881 0.6950
VT	 326.204    0.000 -499.096	-0.342  0.000 -0.940	0.0619 0.5178
VT	 326.232    0.628 -497.080	-0.940  0.000  0.342	0.3832 0.5826
VT	 326.232    0.628 -497.080	-0.646 -0.726  0.235	0.4682 0.8404
VT	 326.232    0.628 -497.080	 0.342  0.000  0.940	0.0107 0.7249
VT	 326.232    2.000 -497.080	-0.940  0.000  0.342	0.3832 0.6852
VT	 326.232    2.000 -497.080	 0.000  1.000 -0.000	0.4636 0.9920
VT	 326.232    2.000 -497.080	 0.342  0.000  0.940	0.0107 0.8306
VT	 326.856    0.000 -497.308	-0.646 -0.726  0.235	0.3881 0.8404
VT	 326.856    0.000 -497.308	 0.342  0.000  0.940	0.0619 0.6765
VT	 328.268    0.000 -499.844	-0.342  0.000 -0.940	0.2311 0.5178
VT	 328.268    0.000 -499.844	 0.940  0.000 -0.342	0.3823 0.6894
VT	 328.268    0.628 -499.844	-0.342  0.000 -0.940	0.2311 0.5663
VT	 328.268    0.628 -499.844	 0.940  0.000 -0.342	0.3823 0.7368
VT	 328.268    2.000 -499.844	-0.342  0.000 -0.940	0.2311 0.6720
VT	 328.268    2.000 -499.844	 0.000  1.000 -0.000	0.2382 0.8467
VT	 328.268    2.000 -499.844	 0.940  0.000 -0.342	0.3823 0.8403
VT	 328.920    0.000 -498.060	 0.342  0.000  0.940	0.2311 0.6765
VT	 328.920    0.000 -498.060	 0.940  0.000 -0.342	0.2389 0.6894
VT	 328.920    0.628 -498.060	 0.342  0.000  0.940	0.2311 0.7249
VT	 328.920    0.628 -498.060	 0.940  0.000 -0.342	0.2389 0.7368
VT	 328.920    2.000 -498.060	 0.000  1.000 -0.000	0.2382 0.9920
VT	 328.920    2.000 -498.060	 0.342  0.000  0.940	0.2311 0.8306
VT	 328.920    2.000 -498.060	 0.940  0.000 -0.342	0.2389 0.8403
VT	 330.288    0.628 -487.300	-0.899  0.000 -0.438	0.3832 0.5826
VT	 330.288    0.628 -487.300	-0.618 -0.726 -0.301	0.4682 0.8404
VT	 330.288    0.628 -487.300	-0.438  0.000  0.899	0.2425 0.4013
VT	 330.288    2.000 -487.300	-0.899  0.000 -0.438	0.3832 0.6852
VT	 330.288    2.000 -487.300	-0.438  0.000  0.899	0.2425 0.5070
VT	 330.288    2.000 -487.300	 0.000  1.000 -0.000	0.4636 0.9920
VT	 330.884    0.000 -487.008	-0.618 -0.726 -0.301	0.3881 0.8404
VT	 330.884    0.000 -487.008	-0.438  0.000  0.899	0.2937 0.3528
VT	 331.124    0.628 -489.008	-0.899  0.000 -0.438	0.2381 0.5826
VT	 331.124    0.628 -489.008	-0.618 -0.726 -0.301	0.4682 0.6950
VT	 331.124    0.628 -489.008	 0.438  0.000 -0.899	0.0107 0.5663
VT	 331.124    2.000 -489.008	-0.899  0.000 -0.438	0.2381 0.6852
VT	 331.124    2.000 -489.008	 0.000  1.000 -0.000	0.4636 0.8467
VT	 331.124    2.000 -489.008	 0.438  0.000 -0.899	0.0107 0.6720
VT	 331.720    0.000 -488.716	-0.618 -0.726 -0.301	0.3881 0.6950
VT	 331.720    0.000 -488.716	 0.438  0.000 -0.899	0.0619 0.5178
VT	 332.860    0.000 -486.048	-0.438  0.000  0.899	0.4629 0.3528
VT	 332.860    0.000 -486.048	 0.899  0.000  0.438	0.2389 0.6894
VT	 332.860    0.628 -486.048	-0.438  0.000  0.899	0.4629 0.4013
VT	 332.860    0.628 -486.048	 0.899  0.000  0.438	0.2389 0.7368
VT	 332.860    2.000 -486.048	-0.438  0.000  0.899	0.4629 0.5070
VT	 332.860    2.000 -486.048	 0.000  1.000 -0.000	0.2382 0.9920
VT	 332.860    2.000 -486.048	 0.899  0.000  0.438	0.2389 0.8403
VT	 333.692    0.000 -487.756	 0.438  0.000 -0.899	0.2311 0.5178
VT	 333.692    0.000 -487.756	 0.899  0.000  0.438	0.3823 0.6894
VT	 333.692    0.628 -487.756	 0.438  0.000 -0.899	0.2311 0.5663
VT	 333.692    0.628 -487.756	 0.899  0.000  0.438	0.3823 0.7368
VT	 333.692    2.000 -487.756	 0.000  1.000 -0.000	0.2382 0.8467
VT	 333.692    2.000 -487.756	 0.438  0.000 -0.899	0.2311 0.6720
VT	 333.692    2.000 -487.756	 0.899  0.000  0.438	0.3823 0.8403
VT	 335.168    0.628 -503.736	-0.966  0.000  0.259	0.2381 0.5826
VT	 335.168    0.628 -503.736	-0.664 -0.726  0.178	0.4682 0.6950
VT	 335.168    0.628 -503.736	-0.259  0.000 -0.966	0.0107 0.5663
VT	 335.168    2.000 -503.736	-0.966  0.000  0.259	0.2381 0.6852
VT	 335.168    2.000 -503.736	-0.259  0.000 -0.966	0.0107 0.6720
VT	 335.168    2.000 -503.736	 0.000  1.000 -0.000	0.4636 0.8467
VT	 335.660    0.628 -501.900	-0.966  0.000  0.259	0.3832 0.5826
VT	 335.660    0.628 -501.900	-0.664 -0.726  0.178	0.4682 0.8404
VT	 335.660    0.628 -501.900	 0.259  0.000  0.966	0.0107 0.4020
VT	 335.660    2.000 -501.900	-0.966  0.000  0.259	0.3832 0.6852
VT	 335.660    2.000 -501.900	 0.000  1.000 -0.000	0.4636 0.9920
VT	 335.660    2.000 -501.900	 0.259  0.000  0.966	0.0107 0.5077
VT	 335.812    0.000 -503.908	-0.664 -0.726  0.178	0.3881 0.6950
VT	 335.812    0.000 -503.908	-0.259  0.000 -0.966	0.0619 0.5178
VT	 336.304    0.000 -502.072	-0.664 -0.726  0.178	0.3881 0.8404
VT	 336.304    0.000 -502.072	 0.259  0.000  0.966	0.0619 0.3535
VT	 337.932    0.000 -504.476	-0.259  0.000 -0.966	0.2311 0.5178
VT	 337.932    0.000 -504.476	 0.966  0.000 -0.259	0.3823 0.6894
VT	 337.932    0.628 -504.476	-0.259  0.000 -0.966	0.2311 0.5663
VT	 337.932    0.628 -504.476	 0.966  0.000 -0.259	0.3823 0.7368
VT	 337.932    2.000 -504.476	-0.259  0.000 -0.966	0.2311 0.6720
VT	 337.932    2.000 -504.476	 0.000  1.000 -0.000	0.2382 0.8467
VT	 337.932    2.000 -504.476	 0.966  0.000 -0.259	0.3823 0.8403
VT	 338.424    0.000 -502.640	 0.259  0.000  0.966	0.2311 0.3535
VT	 338.424    0.000 -502.640	 0.966  0.000 -0.259	0.2389 0.6894
VT	 338.424    0.628 -502.640	 0.259  0.000  0.966	0.2311 0.4020
VT	 338.424    0.628 -502.640	 0.966  0.000 -0.259	0.2389 0.7368
VT	 338.424    2.000 -502.640	 0.000  1.000 -0.000	0.2382 0.9920
VT	 338.424    2.000 -502.640	 0.259  0.000  0.966	0.2311 0.5077
VT	 338.424    2.000 -502.640	 0.966  0.000 -0.259	0.2389 0.8403
VT	 348.268    0.628 -492.732	-0.777  0.000 -0.629	0.0107 0.5663
VT	 348.268    0.628 -492.732	-0.629  0.000  0.777	0.2381 0.5826
VT	 348.268    0.628 -492.732	-0.433 -0.726  0.534	0.4682 0.6950
VT	 348.268    2.000 -492.732	-0.777  0.000 -0.629	0.0107 0.6720
VT	 348.268    2.000 -492.732	-0.629  0.000  0.777	0.2381 0.6852
VT	 348.268    2.000 -492.732	 0.000  1.000 -0.000	0.4636 0.8467
VT	 348.688    0.000 -493.248	-0.777  0.000 -0.629	0.0619 0.5178
VT	 348.688    0.000 -493.248	-0.433 -0.726  0.534	0.3881 0.6950
VT	 349.744    0.628 -491.536	-0.629  0.000  0.777	0.3832 0.5826
VT	 349.744    0.628 -491.536	-0.433 -0.726  0.534	0.4682 0.8404
VT	 349.744    0.628 -491.536	 0.777  0.000  0.629	0.4763 0.0835
VT	 349.744    2.000 -491.536	-0.629  0.000  0.777	0.3832 0.6852
VT	 349.744    2.000 -491.536	 0.000  1.000 -0.000	0.4636 0.9920
VT	 349.744    2.000 -491.536	 0.777  0.000  0.629	0.4763 0.1892
VT	 350.068    0.000 -494.956	-0.777  0.000 -0.629	0.2311 0.5178
VT	 350.068    0.000 -494.956	 0.629  0.000 -0.777	0.3823 0.6894
VT	 350.068    0.628 -494.956	-0.777  0.000 -0.629	0.2311 0.5663
VT	 350.068    0.628 -494.956	 0.629  0.000 -0.777	0.3823 0.7368
VT	 350.068    2.000 -494.956	-0.777  0.000 -0.629	0.2311 0.6720
VT	 350.068    2.000 -494.956	 0.000  1.000 -0.000	0.2382 0.8467
VT	 350.068    2.000 -494.956	 0.629  0.000 -0.777	0.3823 0.8403
VT	 350.164    0.000 -492.052	-0.433 -0.726  0.534	0.3881 0.8404
VT	 350.164    0.000 -492.052	 0.777  0.000  0.629	0.5275 0.0351
VT	 351.544    0.000 -493.760	 0.629  0.000 -0.777	0.2389 0.6894
VT	 351.544    0.000 -493.760	 0.777  0.000  0.629	0.6967 0.0351
VT	 351.544    0.628 -493.760	 0.629  0.000 -0.777	0.2389 0.7368
VT	 351.544    0.628 -493.760	 0.777  0.000  0.629	0.6967 0.0835
VT	 351.544    2.000 -493.760	 0.000  1.000 -0.000	0.2382 0.9920
VT	 351.544    2.000 -493.760	 0.629  0.000 -0.777	0.2389 0.8403
VT	 351.544    2.000 -493.760	 0.777  0.000  0.629	0.6967 0.1892

IDX10	117 102 95 5 21 27 11 8 0 0
IDX10	3 11 25 23 15 10 13 28 10 28
IDX10	25 10 25 15 19 17 24 26 29 22
IDX10	26 22 19 26 19 24 2 7 16 18
IDX10	20 4 18 4 2 18 2 16 6 1
IDX10	9 9 14 6 87 70 65 65 81 87
IDX10	69 66 60 60 63 69 85 83 75 68
IDX10	71 88 68 88 85 68 85 75 79 77
IDX10	84 86 89 82 86 82 79 86 79 84
IDX10	62 73 76 78 80 64 78 64 62 78
IDX10	62 76 72 61 67 67 74 72 27 12
IDX10	5 95 109 117 101 98 91 91 94 101
IDX10	116 114 112 100 103 119 100 119 116 100
IDX10	116 112 107 105 113 115 118 110 115 110
IDX10	107 115 107 113 90 96 104 106 108 93
IDX10	106 93 90 106 90 104 97 92 99 99
IDX10	111 97 51 35 42 42 57 51 33 30
IDX10	38 38 41 33 48 46 37 32 34 50
IDX10	32 50 48 32 48 37 56 54 47 49
IDX10	52 59 49 59 56 49 56 47 40 45
IDX10	53 55 58 43 55 43 40 55 40 53
IDX	44
IDX	39
IDX	31
IDX	31
IDX	36
IDX	44

ATTR_no_blend

TRIS	0 216
