I
800	# Converted by FS2XPlane 3.26
OBJ

# file GSEaprontengah10.bgl

TEXTURE		GSE13.dds
TEXTURE_LIT	GSE13_LIT.dds
POINT_COUNTS	188 0 0 378

VT	 455.992    0.152 -275.532	-0.909 -0.052  0.414	0.1639 0.3020
VT	 455.992    0.152 -275.532	-0.415  0.000 -0.910	0.1690 0.3277
VT	 455.992    0.152 -275.532	-0.048  0.999  0.022	0.1638 0.2963
VT	 455.996    0.108 -275.532	-0.909 -0.052  0.414	0.1639 0.3290
VT	 455.996    0.108 -275.532	-0.415  0.000 -0.910	0.1960 0.3277
VT	 455.996    0.108 -275.532	 0.048 -0.999 -0.022	0.0019 0.2963
VT	 456.104    0.152 -275.288	-0.909 -0.052  0.414	0.0021 0.3020
VT	 456.104    0.152 -275.288	-0.048  0.999  0.022	0.0019 0.2963
VT	 456.104    0.152 -275.288	 0.415  0.000  0.910	0.1690 0.3277
VT	 456.108    0.108 -275.288	-0.909 -0.052  0.414	0.0021 0.3290
VT	 456.108    0.108 -275.288	 0.048 -0.999 -0.022	0.1638 0.2963
VT	 456.108    0.108 -275.288	 0.415  0.000  0.910	0.1960 0.3277
VT	 456.312    0.152 -275.696	-0.909 -0.052  0.414	0.9720 0.0574
VT	 456.312    0.152 -275.696	-0.417  0.137 -0.898	0.1722 0.0802
VT	 456.320    0.128 -275.684	-0.415  0.000 -0.910	0.1960 0.1096
VT	 456.320    0.128 -275.684	 0.048 -0.999 -0.022	0.0019 0.0804
VT	 456.320    0.172 -275.684	-0.415  0.000 -0.910	0.1690 0.1096
VT	 456.320    0.172 -275.684	-0.048  0.999  0.022	0.1638 0.0804
VT	 456.324    0.256 -275.652	-0.909 -0.052  0.414	0.9550 0.0644
VT	 456.324    0.256 -275.652	-0.288  0.796 -0.532	0.1722 0.0620
VT	 456.324    0.256 -275.652	-0.288  0.796 -0.532	0.1722 0.0984
VT	 456.336    0.044 -275.656	-0.909 -0.052  0.414	0.9890 0.0644
VT	 456.336    0.044 -275.656	-0.302 -0.603 -0.739	0.1722 0.0620
VT	 456.336    0.044 -275.656	-0.302 -0.603 -0.739	0.1722 0.0984
VT	 456.368    0.300 -275.556	-0.909 -0.052  0.414	0.9480 0.0814
VT	 456.368    0.300 -275.556	 0.010  0.989  0.146	0.1722 0.0802
VT	 456.380    0.000 -275.560	-0.909 -0.052  0.414	0.9960 0.0814
VT	 456.380    0.000 -275.560	-0.010 -0.989 -0.146	0.1722 0.0802
VT	 456.412    0.256 -275.460	-0.909 -0.052  0.414	0.9550 0.0984
VT	 456.412    0.256 -275.460	 0.302  0.603  0.739	0.1722 0.0620
VT	 456.412    0.256 -275.460	 0.302  0.603  0.739	0.1722 0.0984
VT	 456.424    0.044 -275.464	-0.909 -0.052  0.414	0.9890 0.0984
VT	 456.424    0.044 -275.464	 0.288 -0.796  0.532	0.1722 0.0620
VT	 456.424    0.044 -275.464	 0.288 -0.796  0.532	0.1722 0.0984
VT	 456.432    0.128 -275.436	 0.048 -0.999 -0.022	0.1638 0.0804
VT	 456.432    0.128 -275.436	 0.415  0.000  0.910	0.1960 0.1096
VT	 456.432    0.172 -275.436	-0.048  0.999  0.022	0.0019 0.0804
VT	 456.432    0.172 -275.436	 0.415  0.000  0.910	0.1690 0.1096
VT	 456.436    0.152 -275.424	-0.909 -0.052  0.414	0.9720 0.1055
VT	 456.436    0.152 -275.424	 0.417 -0.137  0.898	0.1722 0.0802
VT	 458.504    0.168 -277.200	-0.830 -0.410  0.378	0.7381 0.5076
VT	 458.504    0.168 -277.200	-0.415  0.000 -0.910	0.6441 0.4687
VT	 458.504    0.320 -277.200	-0.891  0.205  0.406	0.7381 0.5563
VT	 458.504    0.320 -277.200	-0.415  0.000 -0.910	0.6868 0.4687
VT	 458.556    0.168 -277.088	-0.891 -0.205  0.406	0.7690 0.5076
VT	 458.556    0.168 -277.088	 0.415  0.000  0.910	0.6868 0.4687
VT	 458.556    0.320 -277.088	-0.830  0.410  0.378	0.7690 0.5563
VT	 458.556    0.320 -277.088	 0.415  0.000  0.910	0.6441 0.4687
VT	 458.588    0.048 -277.236	-0.452 -0.868  0.206	0.7381 0.4682
VT	 458.588    0.048 -277.236	-0.452 -0.868  0.206	0.7381 0.5783
VT	 458.588    0.048 -277.236	-0.415  0.000 -0.910	0.6095 0.4939
VT	 458.588    0.440 -277.236	-0.611  0.741  0.278	0.7381 0.4856
VT	 458.588    0.440 -277.236	-0.611  0.741  0.278	0.7381 0.5958
VT	 458.588    0.440 -277.236	-0.415  0.000 -0.910	0.7214 0.4939
VT	 458.636    0.048 -277.124	-0.611 -0.741  0.278	0.7690 0.4682
VT	 458.636    0.048 -277.124	-0.611 -0.741  0.278	0.7690 0.5783
VT	 458.636    0.048 -277.124	 0.415  0.000  0.910	0.7214 0.4939
VT	 458.636    0.440 -277.124	-0.452  0.868  0.206	0.7690 0.4856
VT	 458.636    0.440 -277.124	-0.452  0.868  0.206	0.7690 0.5958
VT	 458.636    0.440 -277.124	 0.415  0.000  0.910	0.6095 0.4939
VT	 458.716    0.000 -277.296	-0.415  0.000 -0.910	0.5963 0.5345
VT	 458.716    0.000 -277.296	 0.098 -0.994 -0.045	0.7381 0.5320
VT	 458.716    0.488 -277.296	-0.415  0.000 -0.910	0.7346 0.5345
VT	 458.716    0.488 -277.296	-0.098  0.994  0.045	0.7381 0.5320
VT	 458.740    0.212 -277.172	-0.910 -0.000  0.415	0.2365 0.1113
VT	 458.740    0.272 -277.172	-0.910  0.000  0.415	0.2204 0.1113
VT	 458.740    0.272 -277.172	-0.000  1.000 -0.000	0.2365 0.1113
VT	 458.768    0.000 -277.184	-0.098 -0.994  0.045	0.7690 0.5320
VT	 458.768    0.000 -277.184	 0.415  0.000  0.910	0.7346 0.5345
VT	 458.768    0.488 -277.184	 0.098  0.994 -0.045	0.7690 0.5320
VT	 458.768    0.488 -277.184	 0.415  0.000  0.910	0.5963 0.5345
VT	 458.796    0.212 -277.200	 0.910 -0.000 -0.415	0.2365 0.3282
VT	 458.796    0.272 -277.200	-0.000  1.000 -0.000	0.2204 0.1113
VT	 458.796    0.272 -277.200	 0.910  0.000 -0.415	0.2204 0.3282
VT	 458.848    0.048 -277.356	-0.415  0.000 -0.910	0.6095 0.5752
VT	 458.848    0.048 -277.356	 0.611 -0.741 -0.278	0.7381 0.4856
VT	 458.848    0.048 -277.356	 0.611 -0.741 -0.278	0.7381 0.5958
VT	 458.848    0.440 -277.356	-0.415  0.000 -0.910	0.7214 0.5752
VT	 458.848    0.440 -277.356	 0.452  0.868 -0.206	0.7381 0.4682
VT	 458.848    0.440 -277.356	 0.452  0.868 -0.206	0.7381 0.5783
VT	 458.900    0.048 -277.244	 0.415  0.000  0.910	0.7214 0.5752
VT	 458.900    0.048 -277.244	 0.452 -0.868 -0.206	0.7690 0.4856
VT	 458.900    0.048 -277.244	 0.452 -0.868 -0.206	0.7690 0.5958
VT	 458.900    0.440 -277.244	 0.415  0.000  0.910	0.6095 0.5752
VT	 458.900    0.440 -277.244	 0.611  0.741 -0.278	0.7690 0.4682
VT	 458.900    0.440 -277.244	 0.611  0.741 -0.278	0.7690 0.5783
VT	 458.928    0.168 -277.392	-0.415  0.000 -0.910	0.6441 0.6003
VT	 458.928    0.168 -277.392	 0.891 -0.205 -0.406	0.7381 0.5563
VT	 458.928    0.320 -277.392	-0.415 -0.000 -0.910	0.6868 0.6003
VT	 458.928    0.320 -277.392	 0.830  0.410 -0.378	0.7381 0.5076
VT	 458.960    0.168 -276.204	-0.830 -0.410  0.378	0.7381 0.5076
VT	 458.960    0.168 -276.204	-0.415  0.000 -0.910	0.6441 0.4687
VT	 458.960    0.320 -276.204	-0.891  0.205  0.406	0.7381 0.5563
VT	 458.960    0.320 -276.204	-0.415  0.000 -0.910	0.6868 0.4687
VT	 458.980    0.168 -277.280	 0.415  0.000  0.910	0.6868 0.6003
VT	 458.980    0.168 -277.280	 0.830 -0.410 -0.378	0.7690 0.5563
VT	 458.980    0.320 -277.280	 0.415  0.000  0.910	0.6441 0.6003
VT	 458.980    0.320 -277.280	 0.891  0.205 -0.406	0.7690 0.5076
VT	 459.012    0.168 -276.092	-0.891 -0.205  0.406	0.7690 0.5076
VT	 459.012    0.168 -276.092	 0.415  0.000  0.910	0.6868 0.4687
VT	 459.012    0.320 -276.092	-0.830  0.410  0.378	0.7690 0.5563
VT	 459.012    0.320 -276.092	 0.415  0.000  0.910	0.6441 0.4687
VT	 459.040    0.048 -276.240	-0.452 -0.868  0.206	0.7381 0.4682
VT	 459.040    0.048 -276.240	-0.452 -0.868  0.206	0.7381 0.5783
VT	 459.040    0.048 -276.240	-0.415  0.000 -0.910	0.6095 0.4939
VT	 459.040    0.440 -276.240	-0.611  0.741  0.278	0.7381 0.4856
VT	 459.040    0.440 -276.240	-0.611  0.741  0.278	0.7381 0.5958
VT	 459.040    0.440 -276.240	-0.415  0.000 -0.910	0.7214 0.4939
VT	 459.092    0.048 -276.128	-0.611 -0.741  0.278	0.7690 0.4682
VT	 459.092    0.048 -276.128	-0.611 -0.741  0.278	0.7690 0.5783
VT	 459.092    0.048 -276.128	 0.415  0.000  0.910	0.7214 0.4939
VT	 459.092    0.440 -276.128	-0.452  0.868  0.206	0.7690 0.4856
VT	 459.092    0.440 -276.128	-0.452  0.868  0.206	0.7690 0.5958
VT	 459.092    0.440 -276.128	 0.415  0.000  0.910	0.6095 0.4939
VT	 459.144    0.212 -276.284	-0.910 -0.000  0.415	0.2365 0.3282
VT	 459.144    0.272 -276.284	-0.910 -0.000  0.415	0.2204 0.3282
VT	 459.144    0.272 -276.284	-0.000  1.000 -0.000	0.2365 0.3282
VT	 459.172    0.000 -276.300	-0.415  0.000 -0.910	0.5963 0.5345
VT	 459.172    0.000 -276.300	 0.098 -0.994 -0.045	0.7381 0.5320
VT	 459.172    0.488 -276.300	-0.415  0.000 -0.910	0.7346 0.5345
VT	 459.172    0.488 -276.300	-0.098  0.994  0.045	0.7381 0.5320
VT	 459.200    0.212 -276.312	 0.910  0.000 -0.415	0.2365 0.1113
VT	 459.200    0.272 -276.312	-0.000  1.000 -0.000	0.2204 0.3282
VT	 459.200    0.272 -276.312	 0.910  0.000 -0.415	0.2204 0.1113
VT	 459.220    0.000 -276.188	-0.098 -0.994  0.045	0.7690 0.5320
VT	 459.220    0.000 -276.188	 0.415  0.000  0.910	0.7346 0.5345
VT	 459.220    0.488 -276.188	 0.098  0.994 -0.045	0.7690 0.5320
VT	 459.220    0.488 -276.188	 0.415  0.000  0.910	0.5963 0.5345
VT	 459.300    0.048 -276.360	-0.415 -0.000 -0.910	0.6095 0.5752
VT	 459.300    0.048 -276.360	 0.611 -0.741 -0.278	0.7381 0.4856
VT	 459.300    0.048 -276.360	 0.611 -0.741 -0.278	0.7381 0.5958
VT	 459.300    0.440 -276.360	-0.415  0.000 -0.910	0.7214 0.5752
VT	 459.300    0.440 -276.360	 0.452  0.868 -0.206	0.7381 0.4682
VT	 459.300    0.440 -276.360	 0.452  0.868 -0.206	0.7381 0.5783
VT	 459.352    0.048 -276.248	 0.415  0.000  0.910	0.7214 0.5752
VT	 459.352    0.048 -276.248	 0.452 -0.868 -0.206	0.7690 0.4856
VT	 459.352    0.048 -276.248	 0.452 -0.868 -0.206	0.7690 0.5958
VT	 459.352    0.440 -276.248	 0.415  0.000  0.910	0.6095 0.5752
VT	 459.352    0.440 -276.248	 0.611  0.741 -0.278	0.7690 0.4682
VT	 459.352    0.440 -276.248	 0.611  0.741 -0.278	0.7690 0.5783
VT	 459.384    0.168 -276.396	-0.415  0.000 -0.910	0.6441 0.6003
VT	 459.384    0.168 -276.396	 0.891 -0.205 -0.406	0.7381 0.5563
VT	 459.384    0.320 -276.396	-0.415  0.000 -0.910	0.6868 0.6003
VT	 459.384    0.320 -276.396	 0.830  0.410 -0.378	0.7381 0.5076
VT	 459.432    0.168 -276.284	 0.415  0.000  0.910	0.6868 0.6003
VT	 459.432    0.168 -276.284	 0.830 -0.410 -0.378	0.7690 0.5563
VT	 459.432    0.320 -276.284	 0.415  0.000  0.910	0.6441 0.6003
VT	 459.432    0.320 -276.284	 0.891  0.205 -0.406	0.7690 0.5076
VT	 460.400    0.384 -277.560	-0.404 -0.137 -0.904	0.9437 0.0802
VT	 460.400    0.384 -277.560	 0.909  0.052 -0.414	0.9720 0.1055
VT	 460.408    0.364 -277.544	-0.415  0.000 -0.910	0.1690 0.1096
VT	 460.408    0.364 -277.544	 0.048 -0.999 -0.022	0.1638 0.0804
VT	 460.408    0.408 -277.544	-0.415  0.000 -0.910	0.1960 0.1096
VT	 460.408    0.408 -277.544	-0.048  0.999  0.022	0.0019 0.0804
VT	 460.416    0.492 -277.516	-0.359  0.603 -0.712	0.9437 0.0620
VT	 460.416    0.492 -277.516	-0.359  0.603 -0.712	0.9437 0.0984
VT	 460.416    0.492 -277.516	 0.909  0.052 -0.414	0.9550 0.0984
VT	 460.424    0.280 -277.520	-0.212 -0.796 -0.567	0.9437 0.0620
VT	 460.424    0.280 -277.520	-0.212 -0.796 -0.567	0.9437 0.0984
VT	 460.424    0.280 -277.520	 0.909  0.052 -0.414	0.9890 0.0984
VT	 460.456    0.536 -277.420	-0.104  0.989 -0.103	0.9437 0.0802
VT	 460.456    0.536 -277.420	 0.909  0.052 -0.414	0.9480 0.0814
VT	 460.472    0.236 -277.424	 0.104 -0.989  0.103	0.9437 0.0802
VT	 460.472    0.236 -277.424	 0.909  0.052 -0.414	0.9960 0.0814
VT	 460.504    0.492 -277.324	 0.212  0.796  0.567	0.9437 0.0620
VT	 460.504    0.492 -277.324	 0.212  0.796  0.567	0.9437 0.0984
VT	 460.504    0.492 -277.324	 0.909  0.052 -0.414	0.9550 0.0644
VT	 460.512    0.280 -277.328	 0.359 -0.603  0.712	0.9437 0.0620
VT	 460.512    0.280 -277.328	 0.359 -0.603  0.712	0.9437 0.0984
VT	 460.512    0.280 -277.328	 0.909  0.052 -0.414	0.9890 0.0644
VT	 460.520    0.364 -277.300	 0.048 -0.999 -0.022	0.0019 0.0804
VT	 460.520    0.364 -277.300	 0.415  0.000  0.910	0.1690 0.1096
VT	 460.520    0.408 -277.300	-0.048  0.999  0.022	0.1638 0.0804
VT	 460.520    0.408 -277.300	 0.415  0.000  0.910	0.1960 0.1096
VT	 460.524    0.384 -277.284	 0.404  0.137  0.904	0.9437 0.0802
VT	 460.524    0.384 -277.284	 0.909  0.052 -0.414	0.9720 0.0574
VT	 460.732    0.428 -277.692	-0.415  0.000 -0.910	0.1960 0.3277
VT	 460.732    0.428 -277.692	-0.048  0.999  0.022	0.0019 0.2963
VT	 460.732    0.428 -277.692	 0.909  0.052 -0.414	0.1639 0.3290
VT	 460.736    0.384 -277.696	-0.415  0.000 -0.910	0.1690 0.3277
VT	 460.736    0.384 -277.696	 0.048 -0.999 -0.022	0.1638 0.2963
VT	 460.736    0.384 -277.696	 0.909  0.052 -0.414	0.1639 0.3020
VT	 460.844    0.428 -277.448	-0.048  0.999  0.022	0.1638 0.2963
VT	 460.844    0.428 -277.448	 0.415  0.000  0.910	0.1960 0.3277
VT	 460.844    0.428 -277.448	 0.909  0.052 -0.414	0.0021 0.3290
VT	 460.848    0.384 -277.448	 0.048 -0.999 -0.022	0.0019 0.2963
VT	 460.848    0.384 -277.448	 0.415  0.000  0.910	0.1690 0.3277
VT	 460.848    0.384 -277.448	 0.909  0.052 -0.414	0.0021 0.3020

IDX10	45 68 56 83 96 94 94 80 68 40
IDX10	44 54 49 55 67 67 61 49 44 40
IDX10	42 54 48 40 42 46 44 63 69 57
IDX10	52 58 46 46 42 52 69 63 79 57
IDX10	51 63 79 85 69 87 95 97 89 97
IDX10	84 84 78 89 95 87 76 97 89 87
IDX10	76 82 95 60 41 50 61 67 81 81
IDX10	75 61 60 86 77 60 53 41 60 77
IDX10	53 77 62 53 60 74 86 86 88 77
IDX10	73 71 121 53 43 41 121 123 73 66
IDX10	72 122 64 65 115 115 114 64 99 144
IDX10	125 122 116 66 99 125 110 99 101 113
IDX10	99 137 144 99 113 137 144 134 125 113
IDX10	127 137 137 146 144 90 98 108 103 109
IDX10	124 124 118 103 98 90 92 108 102 90
IDX10	92 100 98 120 126 111 106 112 100 100
IDX10	92 106 126 120 133 111 105 120 133 139
IDX10	126 141 145 147 143 147 138 138 132 143
IDX10	145 141 130 147 143 141 130 136 145 117
IDX10	91 104 118 124 135 135 129 118 117 140
IDX10	131 117 107 91 117 131 107 131 119 107
IDX10	117 128 140 140 142 131 14 16 1 107
IDX10	93 91 1 4 14 37 35 11 6 9
IDX10	3 3 0 6 10 34 15 11 8 37
IDX10	15 5 10 179 176 152 17 36 7 7
IDX10	2 17 178 181 187 152 150 179 187 184
IDX10	178 153 177 182 171 173 183 183 186 171
IDX10	185 180 151 182 172 153 151 170 185 31
IDX10	21 18 31 28 38 31 18 28 18 24
IDX10	28 31 26 21 21 12 18 175 161 149
IDX10	175 163 169 175 149 163 149 159 163 175
IDX10	166 161 161 156 149 162 27 33 167 32
IDX10	39 39 174 167 27 162 157 33 168 162
IDX10	157 22 27 154 19 13 148 13 23 23
IDX10	158 148 20 155 160 13 148 154 160 25
IDX10	20 174 39 30 45 83 94 45 59 83
IDX10	45 94 68 164 29 25 25 160 164 45
IDX	47
IDX	59
IDX	59
IDX	70
IDX	83
IDX	30
IDX	165
IDX	174

ATTR_no_blend

TRIS	0 378
