I
800	# Converted by FS2XPlane 3.26
OBJ

# file GSEaprontengah8.bgl

TEXTURE		GSE13.dds
TEXTURE_LIT	GSE13_LIT.dds
POINT_COUNTS	564 0 0 1134

VT	 480.420    0.108   10.840	-0.909 -0.052  0.414	0.1639 0.3290
VT	 480.420    0.108   10.840	-0.415  0.000 -0.910	0.1960 0.3277
VT	 480.420    0.108   10.840	 0.048 -0.999 -0.022	0.0019 0.2963
VT	 480.420    0.152   10.840	-0.909 -0.052  0.414	0.1639 0.3020
VT	 480.420    0.152   10.840	-0.415  0.000 -0.910	0.1690 0.3277
VT	 480.420    0.152   10.840	-0.048  0.999  0.022	0.1638 0.2963
VT	 480.532    0.108   11.084	-0.909 -0.052  0.414	0.0021 0.3290
VT	 480.532    0.108   11.084	 0.048 -0.999 -0.022	0.1638 0.2963
VT	 480.532    0.108   11.084	 0.415  0.000  0.910	0.1960 0.3277
VT	 480.532    0.152   11.088	-0.909 -0.052  0.414	0.0021 0.3020
VT	 480.532    0.152   11.088	-0.048  0.999  0.022	0.0019 0.2963
VT	 480.532    0.152   11.088	 0.415  0.000  0.910	0.1690 0.3277
VT	 480.740    0.152   10.680	-0.909 -0.052  0.414	0.9720 0.0574
VT	 480.740    0.152   10.680	-0.417  0.137 -0.898	0.1722 0.0802
VT	 480.744    0.172   10.692	-0.415  0.000 -0.910	0.1690 0.1096
VT	 480.744    0.172   10.692	-0.048  0.999  0.022	0.1638 0.0804
VT	 480.748    0.128   10.692	-0.415  0.000 -0.910	0.1960 0.1096
VT	 480.748    0.128   10.692	 0.048 -0.999 -0.022	0.0019 0.0804
VT	 480.752    0.256   10.720	-0.909 -0.052  0.414	0.9550 0.0644
VT	 480.752    0.256   10.720	-0.288  0.796 -0.532	0.1722 0.0620
VT	 480.752    0.256   10.720	-0.288  0.796 -0.532	0.1722 0.0984
VT	 480.760    0.044   10.716	-0.909 -0.052  0.414	0.9890 0.0644
VT	 480.760    0.044   10.716	-0.302 -0.603 -0.739	0.1722 0.0620
VT	 480.760    0.044   10.716	-0.302 -0.603 -0.739	0.1722 0.0984
VT	 480.792    0.300   10.820	-0.909 -0.052  0.414	0.9480 0.0814
VT	 480.792    0.300   10.820	 0.010  0.989  0.146	0.1722 0.0802
VT	 480.808    0.000   10.812	-0.909 -0.052  0.414	0.9960 0.0814
VT	 480.808    0.000   10.812	-0.010 -0.989 -0.146	0.1722 0.0802
VT	 480.840    0.256   10.912	-0.909 -0.052  0.414	0.9550 0.0984
VT	 480.840    0.256   10.912	 0.302  0.603  0.739	0.1722 0.0620
VT	 480.840    0.256   10.912	 0.302  0.603  0.739	0.1722 0.0984
VT	 480.848    0.044   10.908	-0.909 -0.052  0.414	0.9890 0.0984
VT	 480.848    0.044   10.908	 0.288 -0.796  0.532	0.1722 0.0620
VT	 480.848    0.044   10.908	 0.288 -0.796  0.532	0.1722 0.0984
VT	 480.860    0.128   10.936	 0.048 -0.999 -0.022	0.1638 0.0804
VT	 480.860    0.128   10.936	 0.415  0.000  0.910	0.1960 0.1096
VT	 480.860    0.172   10.936	-0.048  0.999  0.022	0.0019 0.0804
VT	 480.860    0.172   10.936	 0.415  0.000  0.910	0.1690 0.1096
VT	 480.864    0.152   10.952	-0.909 -0.052  0.414	0.9720 0.1055
VT	 480.864    0.152   10.952	 0.417 -0.137  0.898	0.1722 0.0802
VT	 482.932    0.168    9.176	-0.830 -0.410  0.378	0.7381 0.5076
VT	 482.932    0.168    9.176	-0.415  0.000 -0.910	0.6441 0.4687
VT	 482.932    0.320    9.176	-0.891  0.205  0.406	0.7381 0.5563
VT	 482.932    0.320    9.176	-0.415  0.000 -0.910	0.6868 0.4687
VT	 482.984    0.168    9.288	-0.891 -0.205  0.406	0.7690 0.5076
VT	 482.984    0.168    9.288	 0.415  0.000  0.910	0.6868 0.4687
VT	 482.984    0.320    9.288	-0.830  0.410  0.378	0.7690 0.5563
VT	 482.984    0.320    9.288	 0.415  0.000  0.910	0.6441 0.4687
VT	 483.012    0.048    9.140	-0.452 -0.868  0.206	0.7381 0.4682
VT	 483.012    0.048    9.140	-0.452 -0.868  0.206	0.7381 0.5783
VT	 483.012    0.048    9.140	-0.415  0.000 -0.910	0.6095 0.4939
VT	 483.012    0.440    9.140	-0.611  0.741  0.278	0.7381 0.4856
VT	 483.012    0.440    9.140	-0.611  0.741  0.278	0.7381 0.5958
VT	 483.012    0.440    9.140	-0.415  0.000 -0.910	0.7214 0.4939
VT	 483.064    0.048    9.248	-0.611 -0.741  0.278	0.7690 0.4682
VT	 483.064    0.048    9.248	-0.611 -0.741  0.278	0.7690 0.5783
VT	 483.064    0.048    9.248	 0.415  0.000  0.910	0.7214 0.4939
VT	 483.064    0.440    9.248	-0.452  0.868  0.206	0.7690 0.4856
VT	 483.064    0.440    9.248	-0.452  0.868  0.206	0.7690 0.5958
VT	 483.064    0.440    9.248	 0.415  0.000  0.910	0.6095 0.4939
VT	 483.144    0.000    9.080	-0.415  0.000 -0.910	0.5963 0.5345
VT	 483.144    0.000    9.080	 0.098 -0.994 -0.045	0.7381 0.5320
VT	 483.144    0.488    9.080	-0.415  0.000 -0.910	0.7346 0.5345
VT	 483.144    0.488    9.080	-0.098  0.994  0.045	0.7381 0.5320
VT	 483.164    0.212    9.200	-0.910 -0.000  0.415	0.2365 0.1113
VT	 483.164    0.272    9.200	-0.910  0.000  0.415	0.2204 0.1113
VT	 483.164    0.272    9.200	-0.000  1.000 -0.000	0.2365 0.1113
VT	 483.196    0.000    9.188	-0.098 -0.994  0.045	0.7690 0.5320
VT	 483.196    0.000    9.188	 0.415  0.000  0.910	0.7346 0.5345
VT	 483.196    0.488    9.188	 0.098  0.994 -0.045	0.7690 0.5320
VT	 483.196    0.488    9.188	 0.415  0.000  0.910	0.5963 0.5345
VT	 483.220    0.212    9.176	 0.910 -0.000 -0.415	0.2365 0.3282
VT	 483.220    0.272    9.176	-0.000  1.000 -0.000	0.2204 0.1113
VT	 483.220    0.272    9.176	 0.910  0.000 -0.415	0.2204 0.3282
VT	 483.276    0.048    9.020	-0.415  0.000 -0.910	0.6095 0.5752
VT	 483.276    0.048    9.020	 0.611 -0.741 -0.278	0.7381 0.4856
VT	 483.276    0.048    9.020	 0.611 -0.741 -0.278	0.7381 0.5958
VT	 483.276    0.440    9.020	-0.415  0.000 -0.910	0.7214 0.5752
VT	 483.276    0.440    9.020	 0.452  0.868 -0.206	0.7381 0.4682
VT	 483.276    0.440    9.020	 0.452  0.868 -0.206	0.7381 0.5783
VT	 483.324    0.048    9.132	 0.415  0.000  0.910	0.7214 0.5752
VT	 483.324    0.048    9.132	 0.452 -0.868 -0.206	0.7690 0.4856
VT	 483.324    0.048    9.132	 0.452 -0.868 -0.206	0.7690 0.5958
VT	 483.324    0.440    9.132	 0.415  0.000  0.910	0.6095 0.5752
VT	 483.324    0.440    9.132	 0.611  0.741 -0.278	0.7690 0.4682
VT	 483.324    0.440    9.132	 0.611  0.741 -0.278	0.7690 0.5783
VT	 483.356    0.168    8.984	-0.415  0.000 -0.910	0.6441 0.6003
VT	 483.356    0.168    8.984	 0.891 -0.205 -0.406	0.7381 0.5563
VT	 483.356    0.320    8.984	-0.415 -0.000 -0.910	0.6868 0.6003
VT	 483.356    0.320    8.984	 0.830  0.410 -0.378	0.7381 0.5076
VT	 483.388    0.168   10.172	-0.830 -0.410  0.378	0.7381 0.5076
VT	 483.388    0.168   10.172	-0.415  0.000 -0.910	0.6441 0.4687
VT	 483.388    0.320   10.172	-0.891  0.205  0.406	0.7381 0.5563
VT	 483.388    0.320   10.172	-0.415  0.000 -0.910	0.6868 0.4687
VT	 483.404    0.168    9.092	 0.415  0.000  0.910	0.6868 0.6003
VT	 483.404    0.168    9.092	 0.830 -0.410 -0.378	0.7690 0.5563
VT	 483.404    0.320    9.092	 0.415  0.000  0.910	0.6441 0.6003
VT	 483.404    0.320    9.092	 0.891  0.205 -0.406	0.7690 0.5076
VT	 483.436    0.168   10.284	-0.891 -0.205  0.406	0.7690 0.5076
VT	 483.436    0.168   10.284	 0.415  0.000  0.910	0.6868 0.4687
VT	 483.436    0.320   10.284	-0.830  0.410  0.378	0.7690 0.5563
VT	 483.436    0.320   10.284	 0.415  0.000  0.910	0.6441 0.4687
VT	 483.468    0.048   10.136	-0.452 -0.868  0.206	0.7381 0.4682
VT	 483.468    0.048   10.136	-0.452 -0.868  0.206	0.7381 0.5783
VT	 483.468    0.048   10.136	-0.415  0.000 -0.910	0.6095 0.4939
VT	 483.468    0.440   10.136	-0.611  0.741  0.278	0.7381 0.4856
VT	 483.468    0.440   10.136	-0.611  0.741  0.278	0.7381 0.5958
VT	 483.468    0.440   10.136	-0.415  0.000 -0.910	0.7214 0.4939
VT	 483.516    0.048   10.244	-0.611 -0.741  0.278	0.7690 0.4682
VT	 483.516    0.048   10.244	-0.611 -0.741  0.278	0.7690 0.5783
VT	 483.516    0.048   10.244	 0.415  0.000  0.910	0.7214 0.4939
VT	 483.516    0.440   10.244	-0.452  0.868  0.206	0.7690 0.4856
VT	 483.516    0.440   10.244	-0.452  0.868  0.206	0.7690 0.5958
VT	 483.516    0.440   10.244	 0.415  0.000  0.910	0.6095 0.4939
VT	 483.572    0.212   10.088	-0.910 -0.000  0.415	0.2365 0.3282
VT	 483.572    0.272   10.088	-0.910 -0.000  0.415	0.2204 0.3282
VT	 483.572    0.272   10.088	-0.000  1.000 -0.000	0.2365 0.3282
VT	 483.596    0.000   10.076	-0.415  0.000 -0.910	0.5963 0.5345
VT	 483.596    0.000   10.076	 0.098 -0.994 -0.045	0.7381 0.5320
VT	 483.596    0.488   10.076	-0.415  0.000 -0.910	0.7346 0.5345
VT	 483.596    0.488   10.076	-0.098  0.994  0.045	0.7381 0.5320
VT	 483.624    0.212   10.064	 0.910  0.000 -0.415	0.2365 0.1113
VT	 483.624    0.272   10.064	-0.000  1.000 -0.000	0.2204 0.3282
VT	 483.624    0.272   10.064	 0.910  0.000 -0.415	0.2204 0.1113
VT	 483.648    0.000   10.188	-0.098 -0.994  0.045	0.7690 0.5320
VT	 483.648    0.000   10.188	 0.415  0.000  0.910	0.7346 0.5345
VT	 483.648    0.488   10.188	 0.098  0.994 -0.045	0.7690 0.5320
VT	 483.648    0.488   10.188	 0.415  0.000  0.910	0.5963 0.5345
VT	 483.728    0.048   10.016	-0.415 -0.000 -0.910	0.6095 0.5752
VT	 483.728    0.048   10.016	 0.611 -0.741 -0.278	0.7381 0.4856
VT	 483.728    0.048   10.016	 0.611 -0.741 -0.278	0.7381 0.5958
VT	 483.728    0.440   10.016	-0.415  0.000 -0.910	0.7214 0.5752
VT	 483.728    0.440   10.016	 0.452  0.868 -0.206	0.7381 0.4682
VT	 483.728    0.440   10.016	 0.452  0.868 -0.206	0.7381 0.5783
VT	 483.780    0.048   10.128	 0.415  0.000  0.910	0.7214 0.5752
VT	 483.780    0.048   10.128	 0.452 -0.868 -0.206	0.7690 0.4856
VT	 483.780    0.048   10.128	 0.452 -0.868 -0.206	0.7690 0.5958
VT	 483.780    0.440   10.128	 0.415  0.000  0.910	0.6095 0.5752
VT	 483.780    0.440   10.128	 0.611  0.741 -0.278	0.7690 0.4682
VT	 483.780    0.440   10.128	 0.611  0.741 -0.278	0.7690 0.5783
VT	 483.808    0.168    9.980	-0.415  0.000 -0.910	0.6441 0.6003
VT	 483.808    0.168    9.980	 0.891 -0.205 -0.406	0.7381 0.5563
VT	 483.808    0.320    9.980	-0.415  0.000 -0.910	0.6868 0.6003
VT	 483.808    0.320    9.980	 0.830  0.410 -0.378	0.7381 0.5076
VT	 483.860    0.168   10.092	 0.415  0.000  0.910	0.6868 0.6003
VT	 483.860    0.168   10.092	 0.830 -0.410 -0.378	0.7690 0.5563
VT	 483.860    0.320   10.092	 0.415  0.000  0.910	0.6441 0.6003
VT	 483.860    0.320   10.092	 0.891  0.205 -0.406	0.7690 0.5076
VT	 484.828    0.384    8.816	-0.404 -0.137 -0.904	0.9437 0.0802
VT	 484.828    0.384    8.816	 0.909  0.052 -0.414	0.9720 0.1055
VT	 484.832    0.408    8.828	-0.415  0.000 -0.910	0.1960 0.1096
VT	 484.832    0.408    8.828	-0.048  0.999  0.022	0.0019 0.0804
VT	 484.836    0.364    8.828	-0.415  0.000 -0.910	0.1690 0.1096
VT	 484.836    0.364    8.828	 0.048 -0.999 -0.022	0.1638 0.0804
VT	 484.840    0.492    8.856	-0.359  0.603 -0.712	0.9437 0.0620
VT	 484.840    0.492    8.856	-0.359  0.603 -0.712	0.9437 0.0984
VT	 484.840    0.492    8.856	 0.909  0.052 -0.414	0.9550 0.0984
VT	 484.852    0.280    8.852	-0.212 -0.796 -0.567	0.9437 0.0620
VT	 484.852    0.280    8.852	-0.212 -0.796 -0.567	0.9437 0.0984
VT	 484.852    0.280    8.852	 0.909  0.052 -0.414	0.9890 0.0984
VT	 484.884    0.536    8.956	-0.104  0.989 -0.103	0.9437 0.0802
VT	 484.884    0.536    8.956	 0.909  0.052 -0.414	0.9480 0.0814
VT	 484.896    0.236    8.948	 0.104 -0.989  0.103	0.9437 0.0802
VT	 484.896    0.236    8.948	 0.909  0.052 -0.414	0.9960 0.0814
VT	 484.928    0.492    9.052	 0.212  0.796  0.567	0.9437 0.0620
VT	 484.928    0.492    9.052	 0.212  0.796  0.567	0.9437 0.0984
VT	 484.928    0.492    9.052	 0.909  0.052 -0.414	0.9550 0.0644
VT	 484.940    0.280    9.044	 0.359 -0.603  0.712	0.9437 0.0620
VT	 484.940    0.280    9.044	 0.359 -0.603  0.712	0.9437 0.0984
VT	 484.940    0.280    9.044	 0.909  0.052 -0.414	0.9890 0.0644
VT	 484.944    0.408    9.076	-0.048  0.999  0.022	0.1638 0.0804
VT	 484.944    0.408    9.076	 0.415  0.000  0.910	0.1960 0.1096
VT	 484.948    0.364    9.076	 0.048 -0.999 -0.022	0.0019 0.0804
VT	 484.948    0.364    9.076	 0.415  0.000  0.910	0.1690 0.1096
VT	 484.952    0.384    9.088	 0.404  0.137  0.904	0.9437 0.0802
VT	 484.952    0.384    9.088	 0.909  0.052 -0.414	0.9720 0.0574
VT	 485.160    0.428    8.680	-0.415  0.000 -0.910	0.1960 0.3277
VT	 485.160    0.428    8.680	-0.048  0.999  0.022	0.0019 0.2963
VT	 485.160    0.428    8.680	 0.909  0.052 -0.414	0.1639 0.3290
VT	 485.164    0.384    8.680	-0.415  0.000 -0.910	0.1690 0.3277
VT	 485.164    0.384    8.680	 0.048 -0.999 -0.022	0.1638 0.2963
VT	 485.164    0.384    8.680	 0.909  0.052 -0.414	0.1639 0.3020
VT	 485.272    0.428    8.928	-0.048  0.999  0.022	0.1638 0.2963
VT	 485.272    0.428    8.928	 0.415  0.000  0.910	0.1960 0.3277
VT	 485.272    0.428    8.928	 0.909  0.052 -0.414	0.0021 0.3290
VT	 485.276    0.384    8.924	 0.048 -0.999 -0.022	0.0019 0.2963
VT	 485.276    0.384    8.924	 0.415  0.000  0.910	0.1690 0.3277
VT	 485.276    0.384    8.924	 0.909  0.052 -0.414	0.0021 0.3020
VT	 485.592    0.076   18.360	-0.899 -0.156  0.410	0.1639 0.3020
VT	 485.592    0.076   18.360	-0.415  0.000 -0.910	0.1690 0.3277
VT	 485.592    0.076   18.360	-0.142  0.988  0.065	0.1638 0.2963
VT	 485.596    0.044   18.360	-0.899 -0.156  0.410	0.1639 0.3290
VT	 485.596    0.044   18.360	-0.415  0.000 -0.910	0.1960 0.3277
VT	 485.596    0.044   18.360	 0.142 -0.988 -0.065	0.0019 0.2963
VT	 485.672    0.076   18.532	-0.899 -0.156  0.410	0.0021 0.3020
VT	 485.672    0.076   18.532	-0.142  0.988  0.065	0.0019 0.2963
VT	 485.672    0.076   18.532	 0.415  0.000  0.910	0.1690 0.3277
VT	 485.676    0.044   18.528	-0.899 -0.156  0.410	0.0021 0.3290
VT	 485.676    0.044   18.528	 0.142 -0.988 -0.065	0.1638 0.2963
VT	 485.676    0.044   18.528	 0.415  0.000  0.910	0.1960 0.3277
VT	 485.816    0.100   18.252	-0.899 -0.156  0.410	0.9726 0.1108
VT	 485.816    0.100   18.252	-0.430  0.135 -0.893	0.5154 0.1278
VT	 485.816    0.116   18.260	-0.415  0.000 -0.910	0.1690 0.1096
VT	 485.816    0.116   18.260	-0.142  0.988  0.065	0.1638 0.0804
VT	 485.820    0.084   18.256	-0.415  0.000 -0.910	0.1960 0.1096
VT	 485.820    0.084   18.256	 0.142 -0.988 -0.065	0.0019 0.0804
VT	 485.820    0.168   18.284	-0.899 -0.156  0.410	0.9614 0.1154
VT	 485.820    0.168   18.284	-0.364  0.787 -0.498	0.5154 0.1158
VT	 485.820    0.168   18.284	-0.364  0.787 -0.498	0.5154 0.1399
VT	 485.840    0.028   18.276	-0.899 -0.156  0.410	0.9837 0.1154
VT	 485.840    0.028   18.276	-0.245 -0.596 -0.765	0.5154 0.1158
VT	 485.840    0.028   18.276	-0.245 -0.596 -0.765	0.5154 0.1399
VT	 485.844    0.196   18.348	-0.899 -0.156  0.410	0.9568 0.1266
VT	 485.844    0.196   18.348	-0.084  0.978  0.189	0.5154 0.1278
VT	 485.872    0.000   18.336	-0.899 -0.156  0.410	0.9884 0.1266
VT	 485.872    0.000   18.336	 0.084 -0.978 -0.189	0.5154 0.1278
VT	 485.876    0.168   18.412	-0.899 -0.156  0.410	0.9614 0.1378
VT	 485.876    0.168   18.412	 0.245  0.596  0.765	0.5154 0.1158
VT	 485.876    0.168   18.412	 0.245  0.596  0.765	0.5154 0.1399
VT	 485.896    0.028   18.404	-0.899 -0.156  0.410	0.9837 0.1378
VT	 485.896    0.028   18.404	 0.364 -0.787  0.498	0.5154 0.1158
VT	 485.896    0.028   18.404	 0.364 -0.787  0.498	0.5154 0.1399
VT	 485.896    0.116   18.428	-0.142  0.988  0.065	0.0019 0.0804
VT	 485.896    0.116   18.428	 0.415  0.000  0.910	0.1690 0.1096
VT	 485.900    0.084   18.428	 0.142 -0.988 -0.065	0.1638 0.0804
VT	 485.900    0.084   18.428	 0.415  0.000  0.910	0.1960 0.1096
VT	 485.900    0.100   18.436	-0.899 -0.156  0.410	0.9726 0.1424
VT	 485.900    0.100   18.436	 0.430 -0.135  0.893	0.5154 0.1278
VT	 486.728    0.140   17.456	-0.830 -0.410  0.378	0.7381 0.5076
VT	 486.728    0.140   17.456	-0.415  0.000 -0.910	0.6441 0.4687
VT	 486.728    0.264   17.456	-0.891  0.205  0.406	0.7381 0.5563
VT	 486.728    0.264   17.456	-0.415  0.000 -0.910	0.6868 0.4687
VT	 486.768    0.140   17.548	-0.891 -0.205  0.406	0.7690 0.5076
VT	 486.768    0.140   17.548	 0.415  0.000  0.910	0.6868 0.4687
VT	 486.768    0.264   17.548	-0.830  0.410  0.378	0.7690 0.5563
VT	 486.768    0.264   17.548	 0.415  0.000  0.910	0.6441 0.4687
VT	 486.792    0.040   17.424	-0.452 -0.868  0.206	0.7381 0.4682
VT	 486.792    0.040   17.424	-0.452 -0.868  0.206	0.7381 0.5783
VT	 486.792    0.040   17.424	-0.415  0.000 -0.910	0.6095 0.4939
VT	 486.792    0.364   17.424	-0.611  0.741  0.278	0.7381 0.4856
VT	 486.792    0.364   17.424	-0.611  0.741  0.278	0.7381 0.5958
VT	 486.792    0.364   17.424	-0.415  0.000 -0.910	0.7214 0.4939
VT	 486.836    0.040   17.516	-0.611 -0.741  0.278	0.7690 0.4682
VT	 486.836    0.040   17.516	-0.611 -0.741  0.278	0.7690 0.5783
VT	 486.836    0.040   17.516	 0.415  0.000  0.910	0.7214 0.4939
VT	 486.836    0.364   17.516	-0.452  0.868  0.206	0.7690 0.4856
VT	 486.836    0.364   17.516	-0.452  0.868  0.206	0.7690 0.5958
VT	 486.836    0.364   17.516	 0.415  0.000  0.910	0.6095 0.4939
VT	 486.900    0.004   17.376	-0.415  0.000 -0.910	0.5963 0.5345
VT	 486.900    0.004   17.376	 0.098 -0.994 -0.045	0.7381 0.5320
VT	 486.900    0.404   17.376	-0.415  0.000 -0.910	0.7346 0.5345
VT	 486.900    0.404   17.376	-0.098  0.994  0.045	0.7381 0.5320
VT	 486.916    0.176   17.476	-0.910 -0.000  0.415	0.2552 0.1108
VT	 486.916    0.228   17.476	-0.910 -0.000  0.415	0.2398 0.1108
VT	 486.916    0.228   17.476	-0.000  1.000 -0.000	0.2552 0.1108
VT	 486.940    0.004   17.468	-0.098 -0.994  0.045	0.7690 0.5320
VT	 486.940    0.004   17.468	 0.415  0.000  0.910	0.7346 0.5345
VT	 486.940    0.404   17.468	 0.098  0.994 -0.045	0.7690 0.5320
VT	 486.940    0.404   17.468	 0.415  0.000  0.910	0.5963 0.5345
VT	 486.964    0.176   17.456	 0.910 -0.000 -0.415	0.2552 0.3270
VT	 486.964    0.228   17.456	-0.000  1.000 -0.000	0.2398 0.1108
VT	 486.964    0.228   17.456	 0.910 -0.000 -0.415	0.2398 0.3270
VT	 487.008    0.040   17.328	-0.415  0.000 -0.910	0.6095 0.5752
VT	 487.008    0.040   17.328	 0.611 -0.741 -0.278	0.7381 0.4856
VT	 487.008    0.040   17.328	 0.611 -0.741 -0.278	0.7381 0.5958
VT	 487.008    0.364   17.328	-0.415  0.000 -0.910	0.7214 0.5752
VT	 487.008    0.364   17.328	 0.452  0.868 -0.206	0.7381 0.4682
VT	 487.008    0.364   17.328	 0.452  0.868 -0.206	0.7381 0.5783
VT	 487.048    0.040   17.420	 0.415  0.000  0.910	0.7214 0.5752
VT	 487.048    0.040   17.420	 0.452 -0.868 -0.206	0.7690 0.4856
VT	 487.048    0.040   17.420	 0.452 -0.868 -0.206	0.7690 0.5958
VT	 487.048    0.364   17.420	 0.415  0.000  0.910	0.6095 0.5752
VT	 487.048    0.364   17.420	 0.611  0.741 -0.278	0.7690 0.4682
VT	 487.048    0.364   17.420	 0.611  0.741 -0.278	0.7690 0.5783
VT	 487.056    0.140   18.180	-0.830 -0.410  0.378	0.7381 0.5076
VT	 487.056    0.140   18.180	-0.415  0.000 -0.910	0.6441 0.4687
VT	 487.056    0.264   18.180	-0.891  0.205  0.406	0.7381 0.5563
VT	 487.056    0.264   18.180	-0.415  0.000 -0.910	0.6868 0.4687
VT	 487.072    0.140   17.300	-0.415  0.000 -0.910	0.6441 0.6003
VT	 487.072    0.140   17.300	 0.891 -0.205 -0.406	0.7381 0.5563
VT	 487.072    0.264   17.300	-0.415  0.000 -0.910	0.6868 0.6003
VT	 487.072    0.264   17.300	 0.830  0.410 -0.378	0.7381 0.5076
VT	 487.100    0.140   18.272	-0.891 -0.205  0.406	0.7690 0.5076
VT	 487.100    0.140   18.272	 0.415  0.000  0.910	0.6868 0.4687
VT	 487.100    0.264   18.272	-0.830  0.410  0.378	0.7690 0.5563
VT	 487.100    0.264   18.272	 0.415  0.000  0.910	0.6441 0.4687
VT	 487.116    0.140   17.388	 0.415  0.000  0.910	0.6868 0.6003
VT	 487.116    0.140   17.388	 0.830 -0.410 -0.378	0.7690 0.5563
VT	 487.116    0.264   17.388	 0.415  0.000  0.910	0.6441 0.6003
VT	 487.116    0.264   17.388	 0.891  0.205 -0.406	0.7690 0.5076
VT	 487.124    0.040   18.148	-0.452 -0.868  0.206	0.7381 0.4682
VT	 487.124    0.040   18.148	-0.452 -0.868  0.206	0.7381 0.5783
VT	 487.124    0.040   18.148	-0.415  0.000 -0.910	0.6095 0.4939
VT	 487.124    0.364   18.148	-0.611  0.741  0.278	0.7381 0.4856
VT	 487.124    0.364   18.148	-0.611  0.741  0.278	0.7381 0.5958
VT	 487.124    0.364   18.148	-0.415  0.000 -0.910	0.7214 0.4939
VT	 487.164    0.040   18.240	-0.611 -0.741  0.278	0.7690 0.4682
VT	 487.164    0.040   18.240	-0.611 -0.741  0.278	0.7690 0.5783
VT	 487.164    0.040   18.240	 0.415  0.000  0.910	0.7214 0.4939
VT	 487.164    0.364   18.240	-0.452  0.868  0.206	0.7690 0.4856
VT	 487.164    0.364   18.240	-0.452  0.868  0.206	0.7690 0.5958
VT	 487.164    0.364   18.240	 0.415  0.000  0.910	0.6095 0.4939
VT	 487.208    0.176   18.112	-0.910 -0.000  0.415	0.2552 0.3270
VT	 487.208    0.228   18.112	-0.910 -0.000  0.415	0.2398 0.3270
VT	 487.208    0.228   18.112	-0.000  1.000 -0.000	0.2552 0.3270
VT	 487.232    0.004   18.100	-0.415  0.000 -0.910	0.5963 0.5345
VT	 487.232    0.004   18.100	 0.098 -0.994 -0.045	0.7381 0.5320
VT	 487.232    0.404   18.100	-0.415  0.000 -0.910	0.7346 0.5345
VT	 487.232    0.404   18.100	-0.098  0.994  0.045	0.7381 0.5320
VT	 487.252    0.176   18.092	 0.910 -0.000 -0.415	0.2552 0.1108
VT	 487.252    0.228   18.092	-0.000  1.000 -0.000	0.2398 0.3270
VT	 487.252    0.228   18.092	 0.910 -0.000 -0.415	0.2398 0.1108
VT	 487.272    0.004   18.192	-0.098 -0.994  0.045	0.7690 0.5320
VT	 487.272    0.004   18.192	 0.415  0.000  0.910	0.7346 0.5345
VT	 487.272    0.404   18.192	 0.098  0.994 -0.045	0.7690 0.5320
VT	 487.272    0.404   18.192	 0.415  0.000  0.910	0.5963 0.5345
VT	 487.336    0.040   18.052	-0.415  0.000 -0.910	0.6095 0.5752
VT	 487.336    0.040   18.052	 0.611 -0.741 -0.278	0.7381 0.4856
VT	 487.336    0.040   18.052	 0.611 -0.741 -0.278	0.7381 0.5958
VT	 487.336    0.364   18.052	-0.415  0.000 -0.910	0.7214 0.5752
VT	 487.336    0.364   18.052	 0.452  0.868 -0.206	0.7381 0.4682
VT	 487.336    0.364   18.052	 0.452  0.868 -0.206	0.7381 0.5783
VT	 487.380    0.040   18.144	 0.415  0.000  0.910	0.7214 0.5752
VT	 487.380    0.040   18.144	 0.452 -0.868 -0.206	0.7690 0.4856
VT	 487.380    0.040   18.144	 0.452 -0.868 -0.206	0.7690 0.5958
VT	 487.380    0.364   18.144	 0.415  0.000  0.910	0.6095 0.5752
VT	 487.380    0.364   18.144	 0.611  0.741 -0.278	0.7690 0.4682
VT	 487.380    0.364   18.144	 0.611  0.741 -0.278	0.7690 0.5783
VT	 487.404    0.140   18.024	-0.415  0.000 -0.910	0.6441 0.6003
VT	 487.404    0.140   18.024	 0.891 -0.205 -0.406	0.7381 0.5563
VT	 487.404    0.264   18.024	-0.415  0.000 -0.910	0.6868 0.6003
VT	 487.404    0.264   18.024	 0.830  0.410 -0.378	0.7381 0.5076
VT	 487.444    0.140   18.112	 0.415  0.000  0.910	0.6868 0.6003
VT	 487.444    0.140   18.112	 0.830 -0.410 -0.378	0.7690 0.5563
VT	 487.444    0.264   18.112	 0.415  0.000  0.910	0.6441 0.6003
VT	 487.444    0.264   18.112	 0.891  0.205 -0.406	0.7690 0.5076
VT	 488.064    0.488   17.228	-0.391 -0.135 -0.910	0.9415 0.1278
VT	 488.064    0.488   17.228	 0.899  0.156 -0.410	0.9726 0.1424
VT	 488.064    0.504   17.236	-0.415  0.000 -0.910	0.1960 0.1096
VT	 488.064    0.504   17.236	-0.142  0.988  0.065	0.0019 0.0804
VT	 488.064    0.560   17.260	-0.417  0.596 -0.686	0.9415 0.1158
VT	 488.064    0.560   17.260	-0.417  0.596 -0.686	0.9415 0.1399
VT	 488.064    0.560   17.260	 0.899  0.156 -0.410	0.9614 0.1378
VT	 488.068    0.476   17.232	-0.415  0.000 -0.910	0.1690 0.1096
VT	 488.068    0.476   17.232	 0.142 -0.988 -0.065	0.1638 0.0804
VT	 488.084    0.420   17.252	-0.137 -0.787 -0.601	0.9415 0.1158
VT	 488.084    0.420   17.252	-0.137 -0.787 -0.601	0.9415 0.1399
VT	 488.084    0.420   17.252	 0.899  0.156 -0.410	0.9837 0.1378
VT	 488.092    0.588   17.324	-0.198  0.978 -0.060	0.9415 0.1278
VT	 488.092    0.588   17.324	 0.899  0.156 -0.410	0.9568 0.1266
VT	 488.120    0.392   17.312	 0.198 -0.978  0.060	0.9415 0.1278
VT	 488.120    0.392   17.312	 0.899  0.156 -0.410	0.9884 0.1266
VT	 488.124    0.560   17.388	 0.137  0.787  0.601	0.9415 0.1158
VT	 488.124    0.560   17.388	 0.137  0.787  0.601	0.9415 0.1399
VT	 488.124    0.560   17.388	 0.899  0.156 -0.410	0.9614 0.1154
VT	 488.140    0.504   17.404	-0.142  0.988  0.065	0.1638 0.0804
VT	 488.140    0.504   17.404	 0.415  0.000  0.910	0.1960 0.1096
VT	 488.144    0.420   17.380	 0.417 -0.596  0.686	0.9415 0.1158
VT	 488.144    0.420   17.380	 0.417 -0.596  0.686	0.9415 0.1399
VT	 488.144    0.420   17.380	 0.899  0.156 -0.410	0.9837 0.1154
VT	 488.144    0.476   17.404	 0.142 -0.988 -0.065	0.0019 0.0804
VT	 488.144    0.476   17.404	 0.415  0.000  0.910	0.1690 0.1096
VT	 488.144    0.488   17.412	 0.391  0.135  0.910	0.9415 0.1278
VT	 488.144    0.488   17.412	 0.899  0.156 -0.410	0.9726 0.1108
VT	 488.288    0.544   17.132	-0.415  0.000 -0.910	0.1960 0.3277
VT	 488.288    0.544   17.132	-0.142  0.988  0.065	0.0019 0.2963
VT	 488.288    0.544   17.132	 0.899  0.156 -0.410	0.1639 0.3290
VT	 488.292    0.512   17.132	-0.415  0.000 -0.910	0.1690 0.3277
VT	 488.292    0.512   17.132	 0.142 -0.988 -0.065	0.1638 0.2963
VT	 488.292    0.512   17.132	 0.899  0.156 -0.410	0.1639 0.3020
VT	 488.364    0.544   17.304	-0.142  0.988  0.065	0.1638 0.2963
VT	 488.364    0.544   17.304	 0.415  0.000  0.910	0.1960 0.3277
VT	 488.364    0.544   17.304	 0.899  0.156 -0.410	0.0021 0.3290
VT	 488.368    0.512   17.300	 0.142 -0.988 -0.065	0.0019 0.2963
VT	 488.368    0.512   17.300	 0.415  0.000  0.910	0.1690 0.3277
VT	 488.368    0.512   17.300	 0.899  0.156 -0.410	0.0021 0.3020
VT	 559.052    0.548    0.572	-0.855  0.070  0.514	0.0021 0.3020
VT	 559.052    0.548    0.572	-0.515  0.000 -0.857	0.1690 0.3277
VT	 559.052    0.548    0.572	-0.060 -0.998  0.036	0.0019 0.2963
VT	 559.056    0.592    0.568	-0.855  0.070  0.514	0.0021 0.3290
VT	 559.056    0.592    0.568	-0.515  0.000 -0.857	0.1960 0.3277
VT	 559.056    0.592    0.568	 0.060  0.998 -0.036	0.1638 0.2963
VT	 559.192    0.548    0.804	-0.855  0.070  0.514	0.1639 0.3020
VT	 559.192    0.548    0.804	-0.060 -0.998  0.036	0.1638 0.2963
VT	 559.192    0.548    0.804	 0.515  0.000  0.857	0.1690 0.3277
VT	 559.192    0.592    0.800	-0.855  0.070  0.514	0.1639 0.3290
VT	 559.192    0.592    0.800	 0.060  0.998 -0.036	0.0019 0.2963
VT	 559.192    0.592    0.800	 0.515  0.000  0.857	0.1960 0.3277
VT	 559.352    0.544    0.372	-0.855  0.070  0.514	0.9734 0.0014
VT	 559.352    0.544    0.372	-0.502  0.136 -0.854	0.9424 0.0274
VT	 559.360    0.520    0.384	-0.515  0.000 -0.857	0.1690 0.1096
VT	 559.360    0.520    0.384	-0.060 -0.998  0.036	0.0019 0.0804
VT	 559.364    0.568    0.384	-0.515  0.000 -0.857	0.1960 0.1096
VT	 559.364    0.568    0.384	 0.060  0.998 -0.036	0.1638 0.0804
VT	 559.368    0.440    0.416	-0.855  0.070  0.514	0.9912 0.0088
VT	 559.368    0.440    0.416	-0.447 -0.602 -0.662	0.9424 0.0092
VT	 559.368    0.440    0.416	-0.447 -0.602 -0.662	0.9424 0.0455
VT	 559.380    0.652    0.408	-0.855  0.070  0.514	0.9557 0.0088
VT	 559.380    0.652    0.408	-0.263  0.795 -0.546	0.9424 0.0092
VT	 559.380    0.652    0.408	-0.263  0.795 -0.546	0.9424 0.0455
VT	 559.420    0.396    0.508	-0.855  0.070  0.514	0.9986 0.0266
VT	 559.420    0.396    0.508	-0.130 -0.988 -0.082	0.9424 0.0274
VT	 559.440    0.696    0.496	-0.855  0.070  0.514	0.9483 0.0266
VT	 559.440    0.696    0.496	 0.130  0.988  0.082	0.9424 0.0274
VT	 559.480    0.440    0.596	-0.855  0.070  0.514	0.9912 0.0444
VT	 559.480    0.440    0.596	 0.263 -0.795  0.546	0.9424 0.0092
VT	 559.480    0.440    0.596	 0.263 -0.795  0.546	0.9424 0.0455
VT	 559.492    0.652    0.588	-0.855  0.070  0.514	0.9557 0.0444
VT	 559.492    0.652    0.588	 0.447  0.602  0.662	0.9424 0.0092
VT	 559.492    0.652    0.588	 0.447  0.602  0.662	0.9424 0.0455
VT	 559.500    0.520    0.616	-0.060 -0.998  0.036	0.1638 0.0804
VT	 559.500    0.520    0.616	 0.515  0.000  0.857	0.1690 0.1096
VT	 559.500    0.568    0.616	 0.060  0.998 -0.036	0.0019 0.0804
VT	 559.500    0.568    0.616	 0.515  0.000  0.857	0.1960 0.1096
VT	 559.508    0.544    0.628	-0.855  0.070  0.514	0.9734 0.0518
VT	 559.508    0.544    0.628	 0.502 -0.136  0.854	0.9424 0.0274
VT	 560.348    0.180   -0.648	-0.782 -0.410  0.470	0.7690 0.5563
VT	 560.348    0.180   -0.648	-0.515  0.000 -0.857	0.6868 0.6003
VT	 560.348    0.352   -0.648	-0.839  0.205  0.504	0.7690 0.5076
VT	 560.348    0.352   -0.648	-0.515  0.000 -0.857	0.6441 0.6003
VT	 560.420    0.180   -0.528	-0.839 -0.205  0.504	0.7381 0.5563
VT	 560.420    0.180   -0.528	 0.515  0.000  0.857	0.6441 0.6003
VT	 560.420    0.352   -0.528	-0.782  0.410  0.470	0.7381 0.5076
VT	 560.420    0.352   -0.528	 0.515  0.000  0.857	0.6868 0.6003
VT	 560.436    0.040   -0.700	-0.515  0.000 -0.857	0.7214 0.5752
VT	 560.436    0.040   -0.700	-0.426 -0.868  0.256	0.7690 0.4856
VT	 560.436    0.040   -0.700	-0.426 -0.868  0.256	0.7690 0.5958
VT	 560.436    0.488   -0.700	-0.576  0.741  0.346	0.7690 0.4682
VT	 560.436    0.488   -0.700	-0.576  0.741  0.346	0.7690 0.5783
VT	 560.436    0.488   -0.700	-0.515  0.000 -0.857	0.6095 0.5752
VT	 560.508    0.040   -0.580	-0.576 -0.741  0.346	0.7381 0.4856
VT	 560.508    0.040   -0.580	-0.576 -0.741  0.346	0.7381 0.5958
VT	 560.508    0.040   -0.580	 0.515  0.000  0.857	0.6095 0.5752
VT	 560.508    0.488   -0.580	-0.426  0.868  0.256	0.7381 0.4682
VT	 560.508    0.488   -0.580	-0.426  0.868  0.256	0.7381 0.5783
VT	 560.508    0.488   -0.580	 0.515  0.000  0.857	0.7214 0.5752
VT	 560.576   -0.012   -0.784	-0.515  0.000 -0.857	0.7346 0.5345
VT	 560.576   -0.012   -0.784	 0.092 -0.994 -0.055	0.7690 0.5320
VT	 560.576    0.544   -0.784	-0.515  0.000 -0.857	0.5963 0.5345
VT	 560.576    0.544   -0.784	-0.092  0.994  0.055	0.7690 0.5320
VT	 560.616    0.228   -0.648	-0.857  0.000  0.515	0.2176 0.1102
VT	 560.616    0.300   -0.648	-0.857  0.000  0.515	0.1984 0.1102
VT	 560.616    0.300   -0.648	 0.000  1.000 -0.000	0.1984 0.3277
VT	 560.648   -0.012   -0.668	-0.092 -0.994  0.055	0.7381 0.5320
VT	 560.648   -0.012   -0.668	 0.515  0.000  0.857	0.5963 0.5345
VT	 560.648    0.544   -0.668	 0.092  0.994 -0.055	0.7381 0.5320
VT	 560.648    0.544   -0.668	 0.515  0.000  0.857	0.7346 0.5345
VT	 560.676    0.228   -0.684	 0.857  0.000 -0.515	0.2176 0.3277
VT	 560.676    0.300   -0.684	 0.000  1.000 -0.000	0.2176 0.3277
VT	 560.676    0.300   -0.684	 0.857  0.000 -0.515	0.1984 0.3277
VT	 560.716    0.040   -0.868	-0.515  0.000 -0.857	0.7214 0.4939
VT	 560.716    0.040   -0.868	 0.576 -0.741 -0.346	0.7690 0.4682
VT	 560.716    0.040   -0.868	 0.576 -0.741 -0.346	0.7690 0.5783
VT	 560.716    0.488   -0.868	-0.515  0.000 -0.857	0.6095 0.4939
VT	 560.716    0.488   -0.868	 0.426  0.868 -0.256	0.7690 0.4856
VT	 560.716    0.488   -0.868	 0.426  0.868 -0.256	0.7690 0.5958
VT	 560.788    0.040   -0.752	 0.426 -0.868 -0.256	0.7381 0.4682
VT	 560.788    0.040   -0.752	 0.426 -0.868 -0.256	0.7381 0.5783
VT	 560.788    0.040   -0.752	 0.515  0.000  0.857	0.6095 0.4939
VT	 560.788    0.488   -0.752	 0.515  0.000  0.857	0.7214 0.4939
VT	 560.788    0.488   -0.752	 0.576  0.741 -0.346	0.7381 0.4856
VT	 560.788    0.488   -0.752	 0.576  0.741 -0.346	0.7381 0.5958
VT	 560.804    0.180   -0.920	-0.515  0.000 -0.857	0.6868 0.4687
VT	 560.804    0.180   -0.920	 0.839 -0.205 -0.504	0.7690 0.5076
VT	 560.804    0.180    0.108	-0.782 -0.410  0.470	0.7690 0.5563
VT	 560.804    0.180    0.108	-0.515  0.000 -0.857	0.6868 0.6003
VT	 560.804    0.352   -0.920	-0.515  0.000 -0.857	0.6441 0.4687
VT	 560.804    0.352   -0.920	 0.782  0.410 -0.470	0.7690 0.5563
VT	 560.804    0.352    0.108	-0.839  0.205  0.504	0.7690 0.5076
VT	 560.804    0.352    0.108	-0.515  0.000 -0.857	0.6441 0.6003
VT	 560.876    0.180   -0.804	 0.515  0.000  0.857	0.6441 0.4687
VT	 560.876    0.180   -0.804	 0.782 -0.410 -0.470	0.7381 0.5076
VT	 560.876    0.180    0.228	-0.839 -0.205  0.504	0.7381 0.5563
VT	 560.876    0.180    0.228	 0.515  0.000  0.857	0.6441 0.6003
VT	 560.876    0.352   -0.804	 0.515  0.000  0.857	0.6868 0.4687
VT	 560.876    0.352   -0.804	 0.839  0.205 -0.504	0.7381 0.5563
VT	 560.876    0.352    0.228	-0.782  0.410  0.470	0.7381 0.5076
VT	 560.876    0.352    0.228	 0.515  0.000  0.857	0.6868 0.6003
VT	 560.892    0.040    0.056	-0.515  0.000 -0.857	0.7214 0.5752
VT	 560.892    0.040    0.056	-0.426 -0.868  0.256	0.7690 0.4856
VT	 560.892    0.040    0.056	-0.426 -0.868  0.256	0.7690 0.5958
VT	 560.892    0.488    0.056	-0.576  0.741  0.346	0.7690 0.4682
VT	 560.892    0.488    0.056	-0.576  0.741  0.346	0.7690 0.5783
VT	 560.892    0.488    0.056	-0.515  0.000 -0.857	0.6095 0.5752
VT	 560.964    0.040    0.176	-0.576 -0.741  0.346	0.7381 0.4856
VT	 560.964    0.040    0.176	-0.576 -0.741  0.346	0.7381 0.5958
VT	 560.964    0.040    0.176	 0.515  0.000  0.857	0.6095 0.5752
VT	 560.964    0.488    0.176	-0.426  0.868  0.256	0.7381 0.4682
VT	 560.964    0.488    0.176	-0.426  0.868  0.256	0.7381 0.5783
VT	 560.964    0.488    0.176	 0.515  0.000  0.857	0.7214 0.5752
VT	 561.004    0.228   -0.008	-0.857  0.000  0.515	0.2176 0.3277
VT	 561.004    0.300   -0.008	-0.857  0.000  0.515	0.1984 0.3277
VT	 561.004    0.300   -0.008	 0.000  1.000 -0.000	0.1984 0.1102
VT	 561.032   -0.012   -0.028	-0.515  0.000 -0.857	0.7346 0.5345
VT	 561.032   -0.012   -0.028	 0.092 -0.994 -0.055	0.7690 0.5320
VT	 561.032    0.544   -0.028	-0.515  0.000 -0.857	0.5963 0.5345
VT	 561.032    0.544   -0.028	-0.092  0.994  0.055	0.7690 0.5320
VT	 561.064    0.228   -0.044	 0.857  0.000 -0.515	0.2176 0.1102
VT	 561.064    0.300   -0.044	 0.000  1.000 -0.000	0.2176 0.1102
VT	 561.064    0.300   -0.044	 0.857  0.000 -0.515	0.1984 0.1102
VT	 561.104   -0.012    0.092	-0.092 -0.994  0.055	0.7381 0.5320
VT	 561.104   -0.012    0.092	 0.515  0.000  0.857	0.5963 0.5345
VT	 561.104    0.544    0.092	 0.092  0.994 -0.055	0.7381 0.5320
VT	 561.104    0.544    0.092	 0.515  0.000  0.857	0.7346 0.5345
VT	 561.172    0.040   -0.112	-0.515  0.000 -0.857	0.7214 0.4939
VT	 561.172    0.040   -0.112	 0.576 -0.741 -0.346	0.7690 0.4682
VT	 561.172    0.040   -0.112	 0.576 -0.741 -0.346	0.7690 0.5783
VT	 561.172    0.488   -0.112	-0.515  0.000 -0.857	0.6095 0.4939
VT	 561.172    0.488   -0.112	 0.426  0.868 -0.256	0.7690 0.4856
VT	 561.172    0.488   -0.112	 0.426  0.868 -0.256	0.7690 0.5958
VT	 561.244    0.040    0.008	 0.426 -0.868 -0.256	0.7381 0.4682
VT	 561.244    0.040    0.008	 0.426 -0.868 -0.256	0.7381 0.5783
VT	 561.244    0.040    0.008	 0.515  0.000  0.857	0.6095 0.4939
VT	 561.244    0.488    0.008	 0.515  0.000  0.857	0.7214 0.4939
VT	 561.244    0.488    0.008	 0.576  0.741 -0.346	0.7381 0.4856
VT	 561.244    0.488    0.008	 0.576  0.741 -0.346	0.7381 0.5958
VT	 561.260    0.180   -0.164	-0.515  0.000 -0.857	0.6868 0.4687
VT	 561.260    0.180   -0.164	 0.839 -0.205 -0.504	0.7690 0.5076
VT	 561.260    0.352   -0.164	-0.515  0.000 -0.857	0.6441 0.4687
VT	 561.260    0.352   -0.164	 0.782  0.410 -0.470	0.7690 0.5563
VT	 561.332    0.180   -0.044	 0.515  0.000  0.857	0.6441 0.4687
VT	 561.332    0.180   -0.044	 0.782 -0.410 -0.470	0.7381 0.5076
VT	 561.332    0.352   -0.044	 0.515  0.000  0.857	0.6868 0.4687
VT	 561.332    0.352   -0.044	 0.839  0.205 -0.504	0.7381 0.5563
VT	 564.056    0.160   -2.452	-0.518 -0.136 -0.844	0.0016 0.0274
VT	 564.056    0.160   -2.452	 0.855 -0.070 -0.514	0.9734 0.0518
VT	 564.060    0.140   -2.440	-0.515  0.000 -0.857	0.1960 0.1096
VT	 564.060    0.140   -2.440	-0.060 -0.998  0.036	0.1638 0.0804
VT	 564.064    0.184   -2.440	-0.515  0.000 -0.857	0.1690 0.1096
VT	 564.064    0.184   -2.440	 0.060  0.998 -0.036	0.0019 0.0804
VT	 564.072    0.056   -2.412	-0.359 -0.795 -0.489	0.0016 0.0092
VT	 564.072    0.056   -2.412	-0.359 -0.795 -0.489	0.0016 0.0455
VT	 564.072    0.056   -2.412	 0.855 -0.070 -0.514	0.9912 0.0444
VT	 564.084    0.268   -2.420	-0.374  0.602 -0.705	0.0016 0.0092
VT	 564.084    0.268   -2.420	-0.374  0.602 -0.705	0.0016 0.0455
VT	 564.084    0.268   -2.420	 0.855 -0.070 -0.514	0.9557 0.0444
VT	 564.124    0.012   -2.320	 0.011 -0.988  0.153	0.0016 0.0274
VT	 564.124    0.012   -2.320	 0.855 -0.070 -0.514	0.9986 0.0266
VT	 564.144    0.312   -2.328	-0.011  0.988 -0.153	0.0016 0.0274
VT	 564.144    0.312   -2.328	 0.855 -0.070 -0.514	0.9483 0.0266
VT	 564.180    0.056   -2.228	 0.374 -0.602  0.705	0.0016 0.0092
VT	 564.180    0.056   -2.228	 0.374 -0.602  0.705	0.0016 0.0455
VT	 564.180    0.056   -2.228	 0.855 -0.070 -0.514	0.9912 0.0088
VT	 564.196    0.268   -2.236	 0.359  0.795  0.489	0.0016 0.0092
VT	 564.196    0.268   -2.236	 0.359  0.795  0.489	0.0016 0.0455
VT	 564.196    0.268   -2.236	 0.855 -0.070 -0.514	0.9557 0.0088
VT	 564.200    0.140   -2.208	-0.060 -0.998  0.036	0.0019 0.0804
VT	 564.200    0.140   -2.208	 0.515  0.000  0.857	0.1960 0.1096
VT	 564.204    0.184   -2.208	 0.060  0.998 -0.036	0.1638 0.0804
VT	 564.204    0.184   -2.208	 0.515  0.000  0.857	0.1690 0.1096
VT	 564.212    0.160   -2.196	 0.518  0.136  0.844	0.0016 0.0274
VT	 564.212    0.160   -2.196	 0.855 -0.070 -0.514	0.9734 0.0014
VT	 564.368    0.112   -2.624	-0.515  0.000 -0.857	0.1960 0.3277
VT	 564.368    0.112   -2.624	-0.060 -0.998  0.036	0.1638 0.2963
VT	 564.368    0.112   -2.624	 0.855 -0.070 -0.514	0.0021 0.3290
VT	 564.372    0.160   -2.624	-0.515  0.000 -0.857	0.1690 0.3277
VT	 564.372    0.160   -2.624	 0.060  0.998 -0.036	0.0019 0.2963
VT	 564.372    0.160   -2.624	 0.855 -0.070 -0.514	0.0021 0.3020
VT	 564.508    0.112   -2.392	-0.060 -0.998  0.036	0.0019 0.2963
VT	 564.508    0.112   -2.392	 0.515  0.000  0.857	0.1960 0.3277
VT	 564.508    0.112   -2.392	 0.855 -0.070 -0.514	0.1639 0.3290
VT	 564.512    0.160   -2.392	 0.060  0.998 -0.036	0.1638 0.2963
VT	 564.512    0.160   -2.392	 0.515  0.000  0.857	0.1690 0.3277
VT	 564.512    0.160   -2.392	 0.855 -0.070 -0.514	0.1639 0.3020

IDX10	195 190 203 203 222 195 330 319 328 199
IDX10	196 223 198 224 205 205 193 198 194 197
IDX10	191 223 225 199 191 188 194 254 260 310
IDX10	204 202 189 189 192 204 303 302 252 310
IDX10	304 254 252 253 303 305 316 328 309 311
IDX10	261 261 259 309 295 275 305 275 292 305
IDX10	295 277 275 319 305 328 319 307 295 319
IDX10	295 305 318 324 333 306 312 323 323 317
IDX10	306 335 331 329 333 329 318 329 333 335
IDX10	321 327 314 331 335 326 326 320 331 299
IDX10	293 308 314 308 321 308 314 299 276 284
IDX10	282 294 300 284 284 276 294 296 290 274
IDX10	282 274 276 274 282 296 283 285 301 291
IDX10	297 312 312 306 291 332 313 283 313 298
IDX10	283 332 322 313 325 283 301 325 334 332
IDX10	325 332 283 229 238 248 315 325 301 248
IDX10	262 278 265 250 241 241 231 229 241 229
IDX10	248 280 265 278 265 241 248 265 248 278
IDX10	264 270 287 249 255 269 269 263 249 289
IDX10	281 279 287 279 264 279 287 289 267 273
IDX10	257 281 289 272 272 266 281 245 239 251
IDX10	257 251 267 251 257 245 230 234 232 240
IDX10	246 234 234 230 240 242 236 228 232 228
IDX10	230 228 232 242 233 235 247 237 243 255
IDX10	255 249 237 286 256 233 256 244 233 286
IDX10	268 256 271 233 247 271 288 286 271 286
IDX10	233 483 469 465 30 165 174 174 39 30
IDX10	25 160 164 164 29 25 20 155 160 160
IDX10	25 20 13 148 154 154 19 13 23 158
IDX10	148 148 13 23 27 162 157 157 22 27
IDX10	33 168 162 162 27 33 39 174 167 167
IDX10	32 39 149 159 163 161 156 149 175 166
IDX10	161 175 161 149 175 149 163 175 163 169
IDX10	18 24 28 21 12 18 31 26 21 31
IDX10	21 18 31 18 28 31 28 38 185 180
IDX10	153 153 172 185 182 170 151 151 177 182
IDX10	183 186 173 173 171 183 178 181 187 187
IDX10	184 178 150 152 179 179 176 150 10 5
IDX10	15 15 36 10 7 34 17 17 2 7
IDX10	8 11 37 37 35 8 0 3 9 9
IDX10	6 0 16 14 4 4 1 16 107 93
IDX10	91 131 119 107 140 142 131 117 128 140
IDX10	117 140 131 117 131 107 117 107 91 117
IDX10	91 104 135 129 118 118 124 135 498 492
IDX10	442 442 448 498 497 499 449 449 447 497
IDX10	440 441 491 491 490 440 459 474 470 435
IDX10	446 459 421 423 435 444 432 421 444 421
IDX10	435 444 435 459 444 459 470 444 470 458
IDX10	425 430 443 443 437 425 416 420 431 431
IDX10	426 416 418 422 420 420 416 418 427 433
IDX10	422 422 418 427 439 445 434 434 428 439
IDX10	454 460 445 445 439 454 467 475 461 461
IDX10	455 467 463 471 475 475 467 463 451 456
IDX10	471 471 463 451 437 443 457 457 452 437
IDX10	417 424 436 429 419 417 453 438 429 462
IDX10	466 453 462 453 429 462 429 417 462 417
IDX10	436 462 436 450 513 522 520 489 503 513
IDX10	473 477 489 501 486 473 501 473 489 501
IDX10	489 513 501 513 520 501 520 512 479 484
IDX10	500 500 494 479 464 472 485 485 480 464
IDX10	468 476 472 472 464 468 481 487 476 476
IDX10	468 481 496 502 488 488 482 496 508 514
IDX10	502 502 496 508 519 523 515 515 509 519
IDX10	517 521 523 523 519 517 505 510 521 521
IDX10	517 505 494 500 511 511 506 494 465 478
IDX10	493 258 271 247 507 495 483 516 518 507
IDX10	516 507 483 516 483 465 516 465 493 516
IDX10	493 504 534 399 389 389 524 534 538 403
IDX10	398 398 533 538 544 409 403 403 538 544
IDX10	550 415 408 408 543 550 541 406 415 415
IDX10	550 541 536 401 405 405 540 536 531 396
