I
800	# Converted by FS2XPlane 3.26
OBJ

# file GSEaprontengah2.bgl

TEXTURE		GSE13.dds
TEXTURE_LIT	GSE13_LIT.dds
POINT_COUNTS	564 0 0 1134

VT	-272.288    0.548  397.508	-0.855  0.070  0.514	0.0021 0.3020
VT	-272.288    0.548  397.508	-0.515  0.000 -0.857	0.1690 0.3277
VT	-272.288    0.548  397.508	-0.060 -0.998  0.036	0.0019 0.2963
VT	-272.284    0.592  397.504	-0.855  0.070  0.514	0.0021 0.3290
VT	-272.284    0.592  397.504	-0.515  0.000 -0.857	0.1960 0.3277
VT	-272.284    0.592  397.504	 0.060  0.998 -0.036	0.1638 0.2963
VT	-272.148    0.548  397.740	-0.855  0.070  0.514	0.1639 0.3020
VT	-272.148    0.548  397.740	-0.060 -0.998  0.036	0.1638 0.2963
VT	-272.148    0.548  397.740	 0.515  0.000  0.857	0.1690 0.3277
VT	-272.148    0.592  397.736	-0.855  0.070  0.514	0.1639 0.3290
VT	-272.148    0.592  397.736	 0.060  0.998 -0.036	0.0019 0.2963
VT	-272.148    0.592  397.736	 0.515  0.000  0.857	0.1960 0.3277
VT	-271.988    0.544  397.308	-0.855  0.070  0.514	0.9734 0.0014
VT	-271.988    0.544  397.308	-0.502  0.136 -0.854	0.9424 0.0274
VT	-271.980    0.520  397.320	-0.515  0.000 -0.857	0.1690 0.1096
VT	-271.980    0.520  397.320	-0.060 -0.998  0.036	0.0019 0.0804
VT	-271.976    0.568  397.320	-0.515  0.000 -0.857	0.1960 0.1096
VT	-271.976    0.568  397.320	 0.060  0.998 -0.036	0.1638 0.0804
VT	-271.972    0.440  397.348	-0.855  0.070  0.514	0.9912 0.0088
VT	-271.972    0.440  397.348	-0.447 -0.602 -0.662	0.9424 0.0092
VT	-271.972    0.440  397.348	-0.447 -0.602 -0.662	0.9424 0.0455
VT	-271.960    0.652  397.344	-0.855  0.070  0.514	0.9557 0.0088
VT	-271.960    0.652  397.344	-0.263  0.795 -0.546	0.9424 0.0092
VT	-271.960    0.652  397.344	-0.263  0.795 -0.546	0.9424 0.0455
VT	-271.920    0.396  397.444	-0.855  0.070  0.514	0.9986 0.0266
VT	-271.920    0.396  397.444	-0.130 -0.988 -0.082	0.9424 0.0274
VT	-271.900    0.696  397.432	-0.855  0.070  0.514	0.9483 0.0266
VT	-271.900    0.696  397.432	 0.130  0.988  0.082	0.9424 0.0274
VT	-271.860    0.440  397.532	-0.855  0.070  0.514	0.9912 0.0444
VT	-271.860    0.440  397.532	 0.263 -0.795  0.546	0.9424 0.0092
VT	-271.860    0.440  397.532	 0.263 -0.795  0.546	0.9424 0.0455
VT	-271.848    0.652  397.524	-0.855  0.070  0.514	0.9557 0.0444
VT	-271.848    0.652  397.524	 0.447  0.602  0.662	0.9424 0.0092
VT	-271.848    0.652  397.524	 0.447  0.602  0.662	0.9424 0.0455
VT	-271.840    0.520  397.552	-0.060 -0.998  0.036	0.1638 0.0804
VT	-271.840    0.520  397.552	 0.515  0.000  0.857	0.1690 0.1096
VT	-271.840    0.568  397.552	 0.060  0.998 -0.036	0.0019 0.0804
VT	-271.840    0.568  397.552	 0.515  0.000  0.857	0.1960 0.1096
VT	-271.832    0.544  397.564	-0.855  0.070  0.514	0.9734 0.0518
VT	-271.832    0.544  397.564	 0.502 -0.136  0.854	0.9424 0.0274
VT	-271.316    0.108  399.316	-0.909 -0.052  0.414	0.1639 0.3290
VT	-271.316    0.108  399.316	-0.415  0.000 -0.910	0.1960 0.3277
VT	-271.316    0.108  399.316	 0.048 -0.999 -0.022	0.0019 0.2963
VT	-271.316    0.152  399.320	-0.909 -0.052  0.414	0.1639 0.3020
VT	-271.316    0.152  399.320	-0.415  0.000 -0.910	0.1690 0.3277
VT	-271.316    0.152  399.320	-0.048  0.999  0.022	0.1638 0.2963
VT	-271.204    0.108  399.564	-0.909 -0.052  0.414	0.0021 0.3290
VT	-271.204    0.108  399.564	 0.048 -0.999 -0.022	0.1638 0.2963
VT	-271.204    0.108  399.564	 0.415  0.000  0.910	0.1960 0.3277
VT	-271.204    0.152  399.564	-0.909 -0.052  0.414	0.0021 0.3020
VT	-271.204    0.152  399.564	-0.048  0.999  0.022	0.0019 0.2963
VT	-271.204    0.152  399.564	 0.415  0.000  0.910	0.1690 0.3277
VT	-270.996    0.152  399.156	-0.909 -0.052  0.414	0.9720 0.0574
VT	-270.996    0.152  399.156	-0.417  0.137 -0.898	0.1722 0.0802
VT	-270.992    0.180  396.288	-0.782 -0.410  0.470	0.7690 0.5563
VT	-270.992    0.180  396.288	-0.515  0.000 -0.857	0.6868 0.6003
VT	-270.992    0.352  396.288	-0.839  0.205  0.504	0.7690 0.5076
VT	-270.992    0.352  396.288	-0.515  0.000 -0.857	0.6441 0.6003
VT	-270.988    0.128  399.168	-0.415  0.000 -0.910	0.1960 0.1096
VT	-270.988    0.128  399.168	 0.048 -0.999 -0.022	0.0019 0.0804
VT	-270.988    0.172  399.168	-0.415  0.000 -0.910	0.1690 0.1096
VT	-270.988    0.172  399.168	-0.048  0.999  0.022	0.1638 0.0804
VT	-270.984    0.256  399.200	-0.909 -0.052  0.414	0.9550 0.0644
VT	-270.984    0.256  399.200	-0.288  0.796 -0.532	0.1722 0.0620
VT	-270.984    0.256  399.200	-0.288  0.796 -0.532	0.1722 0.0984
VT	-270.972    0.044  399.196	-0.909 -0.052  0.414	0.9890 0.0644
VT	-270.972    0.044  399.196	-0.302 -0.603 -0.739	0.1722 0.0620
VT	-270.972    0.044  399.196	-0.302 -0.603 -0.739	0.1722 0.0984
VT	-270.940    0.300  399.296	-0.909 -0.052  0.414	0.9480 0.0814
VT	-270.940    0.300  399.296	 0.010  0.989  0.146	0.1722 0.0802
VT	-270.928    0.000  399.288	-0.909 -0.052  0.414	0.9960 0.0814
VT	-270.928    0.000  399.288	-0.010 -0.989 -0.146	0.1722 0.0802
VT	-270.920    0.180  396.404	-0.839 -0.205  0.504	0.7381 0.5563
VT	-270.920    0.180  396.404	 0.515  0.000  0.857	0.6441 0.6003
VT	-270.920    0.352  396.404	-0.782  0.410  0.470	0.7381 0.5076
VT	-270.920    0.352  396.404	 0.515  0.000  0.857	0.6868 0.6003
VT	-270.904    0.040  396.236	-0.515  0.000 -0.857	0.7214 0.5752
VT	-270.904    0.040  396.236	-0.426 -0.868  0.256	0.7690 0.4856
VT	-270.904    0.040  396.236	-0.426 -0.868  0.256	0.7690 0.5958
VT	-270.904    0.488  396.236	-0.576  0.741  0.346	0.7690 0.4682
VT	-270.904    0.488  396.236	-0.576  0.741  0.346	0.7690 0.5783
VT	-270.904    0.488  396.236	-0.515  0.000 -0.857	0.6095 0.5752
VT	-270.896    0.256  399.392	-0.909 -0.052  0.414	0.9550 0.0984
VT	-270.896    0.256  399.392	 0.302  0.603  0.739	0.1722 0.0620
VT	-270.896    0.256  399.392	 0.302  0.603  0.739	0.1722 0.0984
VT	-270.884    0.044  399.388	-0.909 -0.052  0.414	0.9890 0.0984
VT	-270.884    0.044  399.388	 0.288 -0.796  0.532	0.1722 0.0620
VT	-270.884    0.044  399.388	 0.288 -0.796  0.532	0.1722 0.0984
VT	-270.876    0.128  399.416	 0.048 -0.999 -0.022	0.1638 0.0804
VT	-270.876    0.128  399.416	 0.415  0.000  0.910	0.1960 0.1096
VT	-270.876    0.172  399.416	-0.048  0.999  0.022	0.0019 0.0804
VT	-270.876    0.172  399.416	 0.415  0.000  0.910	0.1690 0.1096
VT	-270.872    0.152  399.428	-0.909 -0.052  0.414	0.9720 0.1055
VT	-270.872    0.152  399.428	 0.417 -0.137  0.898	0.1722 0.0802
VT	-270.832    0.040  396.352	-0.576 -0.741  0.346	0.7381 0.4856
VT	-270.832    0.040  396.352	-0.576 -0.741  0.346	0.7381 0.5958
VT	-270.832    0.040  396.352	 0.515  0.000  0.857	0.6095 0.5752
VT	-270.832    0.488  396.352	-0.426  0.868  0.256	0.7381 0.4682
VT	-270.832    0.488  396.352	-0.426  0.868  0.256	0.7381 0.5783
VT	-270.832    0.488  396.352	 0.515  0.000  0.857	0.7214 0.5752
VT	-270.764   -0.012  396.152	-0.515  0.000 -0.857	0.7346 0.5345
VT	-270.764   -0.012  396.152	 0.092 -0.994 -0.055	0.7690 0.5320
VT	-270.764    0.544  396.152	-0.515  0.000 -0.857	0.5963 0.5345
VT	-270.764    0.544  396.152	-0.092  0.994  0.055	0.7690 0.5320
VT	-270.724    0.228  396.288	-0.857  0.000  0.515	0.2176 0.1102
VT	-270.724    0.300  396.288	-0.857  0.000  0.515	0.1984 0.1102
VT	-270.724    0.300  396.288	 0.000  1.000 -0.000	0.1984 0.3277
VT	-270.692   -0.012  396.268	-0.092 -0.994  0.055	0.7381 0.5320
VT	-270.692   -0.012  396.268	 0.515  0.000  0.857	0.5963 0.5345
VT	-270.692    0.544  396.268	 0.092  0.994 -0.055	0.7381 0.5320
VT	-270.692    0.544  396.268	 0.515  0.000  0.857	0.7346 0.5345
VT	-270.664    0.228  396.252	 0.857  0.000 -0.515	0.2176 0.3277
VT	-270.664    0.300  396.252	 0.000  1.000 -0.000	0.2176 0.3277
VT	-270.664    0.300  396.252	 0.857  0.000 -0.515	0.1984 0.3277
VT	-270.624    0.040  396.068	-0.515  0.000 -0.857	0.7214 0.4939
VT	-270.624    0.040  396.068	 0.576 -0.741 -0.346	0.7690 0.4682
VT	-270.624    0.040  396.068	 0.576 -0.741 -0.346	0.7690 0.5783
VT	-270.624    0.488  396.068	-0.515  0.000 -0.857	0.6095 0.4939
VT	-270.624    0.488  396.068	 0.426  0.868 -0.256	0.7690 0.4856
VT	-270.624    0.488  396.068	 0.426  0.868 -0.256	0.7690 0.5958
VT	-270.552    0.040  396.184	 0.426 -0.868 -0.256	0.7381 0.4682
VT	-270.552    0.040  396.184	 0.426 -0.868 -0.256	0.7381 0.5783
VT	-270.552    0.040  396.184	 0.515  0.000  0.857	0.6095 0.4939
VT	-270.552    0.488  396.184	 0.515  0.000  0.857	0.7214 0.4939
VT	-270.552    0.488  396.184	 0.576  0.741 -0.346	0.7381 0.4856
VT	-270.552    0.488  396.184	 0.576  0.741 -0.346	0.7381 0.5958
VT	-270.536    0.180  396.016	-0.515  0.000 -0.857	0.6868 0.4687
VT	-270.536    0.180  396.016	 0.839 -0.205 -0.504	0.7690 0.5076
VT	-270.536    0.180  397.044	-0.782 -0.410  0.470	0.7690 0.5563
VT	-270.536    0.180  397.044	-0.515  0.000 -0.857	0.6868 0.6003
VT	-270.536    0.352  396.016	-0.515  0.000 -0.857	0.6441 0.4687
VT	-270.536    0.352  396.016	 0.782  0.410 -0.470	0.7690 0.5563
VT	-270.536    0.352  397.044	-0.839  0.205  0.504	0.7690 0.5076
VT	-270.536    0.352  397.044	-0.515  0.000 -0.857	0.6441 0.6003
VT	-270.464    0.180  396.132	 0.515  0.000  0.857	0.6441 0.4687
VT	-270.464    0.180  396.132	 0.782 -0.410 -0.470	0.7381 0.5076
VT	-270.464    0.180  397.164	-0.839 -0.205  0.504	0.7381 0.5563
VT	-270.464    0.180  397.164	 0.515  0.000  0.857	0.6441 0.6003
VT	-270.464    0.352  396.132	 0.515  0.000  0.857	0.6868 0.4687
VT	-270.464    0.352  396.132	 0.839  0.205 -0.504	0.7381 0.5563
VT	-270.464    0.352  397.164	-0.782  0.410  0.470	0.7381 0.5076
VT	-270.464    0.352  397.164	 0.515  0.000  0.857	0.6868 0.6003
VT	-270.448    0.040  396.992	-0.515  0.000 -0.857	0.7214 0.5752
VT	-270.448    0.040  396.992	-0.426 -0.868  0.256	0.7690 0.4856
VT	-270.448    0.040  396.992	-0.426 -0.868  0.256	0.7690 0.5958
VT	-270.448    0.488  396.992	-0.576  0.741  0.346	0.7690 0.4682
VT	-270.448    0.488  396.992	-0.576  0.741  0.346	0.7690 0.5783
VT	-270.448    0.488  396.992	-0.515  0.000 -0.857	0.6095 0.5752
VT	-270.376    0.040  397.112	-0.576 -0.741  0.346	0.7381 0.4856
VT	-270.376    0.040  397.112	-0.576 -0.741  0.346	0.7381 0.5958
VT	-270.376    0.040  397.112	 0.515  0.000  0.857	0.6095 0.5752
VT	-270.376    0.488  397.112	-0.426  0.868  0.256	0.7381 0.4682
VT	-270.376    0.488  397.112	-0.426  0.868  0.256	0.7381 0.5783
VT	-270.376    0.488  397.112	 0.515  0.000  0.857	0.7214 0.5752
VT	-270.336    0.228  396.928	-0.857  0.000  0.515	0.2176 0.3277
VT	-270.336    0.300  396.928	-0.857  0.000  0.515	0.1984 0.3277
VT	-270.336    0.300  396.928	 0.000  1.000 -0.000	0.1984 0.1102
VT	-270.308   -0.012  396.908	-0.515  0.000 -0.857	0.7346 0.5345
VT	-270.308   -0.012  396.908	 0.092 -0.994 -0.055	0.7690 0.5320
VT	-270.308    0.544  396.908	-0.515  0.000 -0.857	0.5963 0.5345
VT	-270.308    0.544  396.908	-0.092  0.994  0.055	0.7690 0.5320
VT	-270.276    0.228  396.892	 0.857  0.000 -0.515	0.2176 0.1102
VT	-270.276    0.300  396.892	 0.000  1.000 -0.000	0.2176 0.1102
VT	-270.276    0.300  396.892	 0.857  0.000 -0.515	0.1984 0.1102
VT	-270.236   -0.012  397.028	-0.092 -0.994  0.055	0.7381 0.5320
VT	-270.236   -0.012  397.028	 0.515  0.000  0.857	0.5963 0.5345
VT	-270.236    0.544  397.028	 0.092  0.994 -0.055	0.7381 0.5320
VT	-270.236    0.544  397.028	 0.515  0.000  0.857	0.7346 0.5345
VT	-270.168    0.040  396.824	-0.515  0.000 -0.857	0.7214 0.4939
VT	-270.168    0.040  396.824	 0.576 -0.741 -0.346	0.7690 0.4682
VT	-270.168    0.040  396.824	 0.576 -0.741 -0.346	0.7690 0.5783
VT	-270.168    0.488  396.824	-0.515  0.000 -0.857	0.6095 0.4939
VT	-270.168    0.488  396.824	 0.426  0.868 -0.256	0.7690 0.4856
VT	-270.168    0.488  396.824	 0.426  0.868 -0.256	0.7690 0.5958
VT	-270.096    0.040  396.944	 0.426 -0.868 -0.256	0.7381 0.4682
VT	-270.096    0.040  396.944	 0.426 -0.868 -0.256	0.7381 0.5783
VT	-270.096    0.040  396.944	 0.515  0.000  0.857	0.6095 0.4939
VT	-270.096    0.488  396.944	 0.515  0.000  0.857	0.7214 0.4939
VT	-270.096    0.488  396.944	 0.576  0.741 -0.346	0.7381 0.4856
VT	-270.096    0.488  396.944	 0.576  0.741 -0.346	0.7381 0.5958
VT	-270.080    0.180  396.772	-0.515  0.000 -0.857	0.6868 0.4687
VT	-270.080    0.180  396.772	 0.839 -0.205 -0.504	0.7690 0.5076
VT	-270.080    0.352  396.772	-0.515  0.000 -0.857	0.6441 0.4687
VT	-270.080    0.352  396.772	 0.782  0.410 -0.470	0.7690 0.5563
VT	-270.008    0.180  396.892	 0.515  0.000  0.857	0.6441 0.4687
VT	-270.008    0.180  396.892	 0.782 -0.410 -0.470	0.7381 0.5076
VT	-270.008    0.352  396.892	 0.515  0.000  0.857	0.6868 0.4687
VT	-270.008    0.352  396.892	 0.839  0.205 -0.504	0.7381 0.5563
VT	-269.236    0.108  401.948	-0.908 -0.070  0.414	0.1639 0.3020
VT	-269.236    0.108  401.948	-0.415  0.000 -0.910	0.1690 0.3277
VT	-269.236    0.108  401.948	-0.063  0.998  0.029	0.1638 0.2963
VT	-269.232    0.076  401.948	-0.908 -0.070  0.414	0.1639 0.3290
VT	-269.232    0.076  401.948	-0.415  0.000 -0.910	0.1960 0.3277
VT	-269.232    0.076  401.948	 0.063 -0.998 -0.029	0.0019 0.2963
VT	-269.160    0.108  402.120	-0.908 -0.070  0.414	0.0021 0.3020
VT	-269.160    0.108  402.120	-0.063  0.998  0.029	0.0019 0.2963
VT	-269.160    0.108  402.120	 0.415  0.000  0.910	0.1690 0.3277
VT	-269.156    0.076  402.116	-0.908 -0.070  0.414	0.0021 0.3290
VT	-269.156    0.076  402.116	 0.063 -0.998 -0.029	0.1638 0.2963
VT	-269.156    0.076  402.116	 0.415  0.000  0.910	0.1960 0.3277
VT	-269.012    0.108  401.840	-0.908 -0.070  0.414	0.9729 0.1476
VT	-269.012    0.108  401.840	-0.419  0.136 -0.897	0.3434 0.1634
VT	-269.008    0.092  401.844	-0.415  0.000 -0.910	0.1960 0.1096
VT	-269.008    0.092  401.844	 0.063 -0.998 -0.029	0.0019 0.0804
VT	-269.008    0.124  401.844	-0.415  0.000 -0.910	0.1690 0.1096
VT	-269.008    0.124  401.844	-0.063  0.998  0.029	0.1638 0.0804
VT	-269.004    0.180  401.868	-0.908 -0.070  0.414	0.9612 0.1524
VT	-269.004    0.180  401.868	-0.301  0.795 -0.526	0.3434 0.1512
VT	-269.004    0.180  401.868	-0.301  0.795 -0.526	0.3434 0.1755
VT	-268.996    0.036  401.864	-0.908 -0.070  0.414	0.9846 0.1524
VT	-268.996    0.036  401.864	-0.292 -0.602 -0.743	0.3434 0.1512
VT	-268.996    0.036  401.864	-0.292 -0.602 -0.743	0.3434 0.1755
VT	-268.976    0.208  401.932	-0.908 -0.070  0.414	0.9564 0.1641
VT	-268.976    0.208  401.932	-0.006  0.988  0.153	0.3434 0.1634
VT	-268.964    0.008  401.928	-0.908 -0.070  0.414	0.9894 0.1641
VT	-268.964    0.008  401.928	 0.006 -0.988 -0.153	0.3434 0.1634
VT	-268.948    0.180  401.996	-0.908 -0.070  0.414	0.9612 0.1757
VT	-268.948    0.180  401.996	 0.292  0.602  0.743	0.3434 0.1512
VT	-268.948    0.180  401.996	 0.292  0.602  0.743	0.3434 0.1755
VT	-268.936    0.036  401.992	-0.908 -0.070  0.414	0.9846 0.1757
VT	-268.936    0.036  401.992	 0.301 -0.795  0.526	0.3434 0.1512
VT	-268.936    0.036  401.992	 0.301 -0.795  0.526	0.3434 0.1755
VT	-268.932    0.092  402.016	 0.063 -0.998 -0.029	0.1638 0.0804
VT	-268.932    0.092  402.016	 0.415  0.000  0.910	0.1960 0.1096
VT	-268.932    0.124  402.016	-0.063  0.998  0.029	0.0019 0.0804
VT	-268.932    0.124  402.016	 0.415  0.000  0.910	0.1690 0.1096
VT	-268.928    0.108  402.020	-0.908 -0.070  0.414	0.9729 0.1806
VT	-268.928    0.108  402.020	 0.419 -0.136  0.897	0.3434 0.1634
VT	-268.804    0.168  397.652	-0.830 -0.410  0.378	0.7381 0.5076
VT	-268.804    0.168  397.652	-0.415  0.000 -0.910	0.6441 0.4687
VT	-268.804    0.320  397.652	-0.891  0.205  0.406	0.7381 0.5563
VT	-268.804    0.320  397.652	-0.415  0.000 -0.910	0.6868 0.4687
VT	-268.752    0.168  397.764	-0.891 -0.205  0.406	0.7690 0.5076
VT	-268.752    0.168  397.764	 0.415  0.000  0.910	0.6868 0.4687
VT	-268.752    0.320  397.764	-0.830  0.410  0.378	0.7690 0.5563
VT	-268.752    0.320  397.764	 0.415  0.000  0.910	0.6441 0.4687
VT	-268.724    0.048  397.616	-0.452 -0.868  0.206	0.7381 0.4682
VT	-268.724    0.048  397.616	-0.452 -0.868  0.206	0.7381 0.5783
VT	-268.724    0.048  397.616	-0.415  0.000 -0.910	0.6095 0.4939
VT	-268.724    0.440  397.616	-0.611  0.741  0.278	0.7381 0.4856
VT	-268.724    0.440  397.616	-0.611  0.741  0.278	0.7381 0.5958
VT	-268.724    0.440  397.616	-0.415  0.000 -0.910	0.7214 0.4939
VT	-268.672    0.048  397.728	-0.611 -0.741  0.278	0.7690 0.4682
VT	-268.672    0.048  397.728	-0.611 -0.741  0.278	0.7690 0.5783
VT	-268.672    0.048  397.728	 0.415  0.000  0.910	0.7214 0.4939
VT	-268.672    0.440  397.728	-0.452  0.868  0.206	0.7690 0.4856
VT	-268.672    0.440  397.728	-0.452  0.868  0.206	0.7690 0.5958
VT	-268.672    0.440  397.728	 0.415  0.000  0.910	0.6095 0.4939
VT	-268.592    0.000  397.556	-0.415  0.000 -0.910	0.5963 0.5345
VT	-268.592    0.000  397.556	 0.098 -0.994 -0.045	0.7381 0.5320
VT	-268.592    0.488  397.556	-0.415  0.000 -0.910	0.7346 0.5345
VT	-268.592    0.488  397.556	-0.098  0.994  0.045	0.7381 0.5320
VT	-268.568    0.212  397.680	-0.910 -0.000  0.415	0.2365 0.1113
VT	-268.568    0.272  397.680	-0.910  0.000  0.415	0.2204 0.1113
VT	-268.568    0.272  397.680	-0.000  1.000 -0.000	0.2365 0.1113
VT	-268.540    0.000  397.668	-0.098 -0.994  0.045	0.7690 0.5320
VT	-268.540    0.000  397.668	 0.415  0.000  0.910	0.7346 0.5345
VT	-268.540    0.488  397.668	 0.098  0.994 -0.045	0.7690 0.5320
VT	-268.540    0.488  397.668	 0.415  0.000  0.910	0.5963 0.5345
VT	-268.516    0.212  397.652	 0.910 -0.000 -0.415	0.2365 0.3282
VT	-268.516    0.272  397.652	-0.000  1.000 -0.000	0.2204 0.1113
VT	-268.516    0.272  397.652	 0.910  0.000 -0.415	0.2204 0.3282
VT	-268.460    0.048  397.496	-0.415  0.000 -0.910	0.6095 0.5752
VT	-268.460    0.048  397.496	 0.611 -0.741 -0.278	0.7381 0.4856
VT	-268.460    0.048  397.496	 0.611 -0.741 -0.278	0.7381 0.5958
VT	-268.460    0.440  397.496	-0.415  0.000 -0.910	0.7214 0.5752
VT	-268.460    0.440  397.496	 0.452  0.868 -0.206	0.7381 0.4682
VT	-268.460    0.440  397.496	 0.452  0.868 -0.206	0.7381 0.5783
VT	-268.412    0.048  397.608	 0.415  0.000  0.910	0.7214 0.5752
VT	-268.412    0.048  397.608	 0.452 -0.868 -0.206	0.7690 0.4856
VT	-268.412    0.048  397.608	 0.452 -0.868 -0.206	0.7690 0.5958
VT	-268.412    0.440  397.608	 0.415  0.000  0.910	0.6095 0.5752
VT	-268.412    0.440  397.608	 0.611  0.741 -0.278	0.7690 0.4682
VT	-268.412    0.440  397.608	 0.611  0.741 -0.278	0.7690 0.5783
VT	-268.380    0.168  397.460	-0.415  0.000 -0.910	0.6441 0.6003
VT	-268.380    0.168  397.460	 0.891 -0.205 -0.406	0.7381 0.5563
VT	-268.380    0.320  397.460	-0.415 -0.000 -0.910	0.6868 0.6003
VT	-268.380    0.320  397.460	 0.830  0.410 -0.378	0.7381 0.5076
VT	-268.348    0.168  398.648	-0.830 -0.410  0.378	0.7381 0.5076
VT	-268.348    0.168  398.648	-0.415  0.000 -0.910	0.6441 0.4687
VT	-268.348    0.320  398.648	-0.891  0.205  0.406	0.7381 0.5563
VT	-268.348    0.320  398.648	-0.415  0.000 -0.910	0.6868 0.4687
VT	-268.328    0.168  397.572	 0.415  0.000  0.910	0.6868 0.6003
VT	-268.328    0.168  397.572	 0.830 -0.410 -0.378	0.7690 0.5563
VT	-268.328    0.320  397.572	 0.415  0.000  0.910	0.6441 0.6003
VT	-268.328    0.320  397.572	 0.891  0.205 -0.406	0.7690 0.5076
VT	-268.300    0.168  398.760	-0.891 -0.205  0.406	0.7690 0.5076
VT	-268.300    0.168  398.760	 0.415  0.000  0.910	0.6868 0.4687
VT	-268.300    0.320  398.760	-0.830  0.410  0.378	0.7690 0.5563
VT	-268.300    0.320  398.760	 0.415  0.000  0.910	0.6441 0.4687
VT	-268.268    0.048  398.612	-0.452 -0.868  0.206	0.7381 0.4682
VT	-268.268    0.048  398.612	-0.452 -0.868  0.206	0.7381 0.5783
VT	-268.268    0.048  398.612	-0.415  0.000 -0.910	0.6095 0.4939
VT	-268.268    0.440  398.612	-0.611  0.741  0.278	0.7381 0.4856
VT	-268.268    0.440  398.612	-0.611  0.741  0.278	0.7381 0.5958
VT	-268.268    0.440  398.612	-0.415  0.000 -0.910	0.7214 0.4939
VT	-268.216    0.048  398.724	-0.611 -0.741  0.278	0.7690 0.4682
VT	-268.216    0.048  398.724	-0.611 -0.741  0.278	0.7690 0.5783
VT	-268.216    0.048  398.724	 0.415  0.000  0.910	0.7214 0.4939
VT	-268.216    0.440  398.724	-0.452  0.868  0.206	0.7690 0.4856
VT	-268.216    0.440  398.724	-0.452  0.868  0.206	0.7690 0.5958
VT	-268.216    0.440  398.724	 0.415  0.000  0.910	0.6095 0.4939
VT	-268.164    0.212  398.568	-0.910 -0.000  0.415	0.2365 0.3282
VT	-268.164    0.272  398.568	-0.910 -0.000  0.415	0.2204 0.3282
VT	-268.164    0.272  398.568	-0.000  1.000 -0.000	0.2365 0.3282
VT	-268.136    0.000  398.552	-0.415  0.000 -0.910	0.5963 0.5345
VT	-268.136    0.000  398.552	 0.098 -0.994 -0.045	0.7381 0.5320
VT	-268.136    0.488  398.552	-0.415  0.000 -0.910	0.7346 0.5345
VT	-268.136    0.488  398.552	-0.098  0.994  0.045	0.7381 0.5320
VT	-268.108    0.212  398.540	 0.910  0.000 -0.415	0.2365 0.1113
VT	-268.108    0.272  398.540	-0.000  1.000 -0.000	0.2204 0.3282
VT	-268.108    0.272  398.540	 0.910  0.000 -0.415	0.2204 0.1113
VT	-268.088    0.000  398.664	-0.098 -0.994  0.045	0.7690 0.5320
VT	-268.088    0.000  398.664	 0.415  0.000  0.910	0.7346 0.5345
VT	-268.088    0.488  398.664	 0.098  0.994 -0.045	0.7690 0.5320
VT	-268.088    0.488  398.664	 0.415  0.000  0.910	0.5963 0.5345
VT	-268.008    0.048  398.492	-0.415 -0.000 -0.910	0.6095 0.5752
VT	-268.008    0.048  398.492	 0.611 -0.741 -0.278	0.7381 0.4856
VT	-268.008    0.048  398.492	 0.611 -0.741 -0.278	0.7381 0.5958
VT	-268.008    0.440  398.492	-0.415  0.000 -0.910	0.7214 0.5752
VT	-268.008    0.440  398.492	 0.452  0.868 -0.206	0.7381 0.4682
VT	-268.008    0.440  398.492	 0.452  0.868 -0.206	0.7381 0.5783
VT	-267.956    0.048  398.604	 0.415  0.000  0.910	0.7214 0.5752
VT	-267.956    0.048  398.604	 0.452 -0.868 -0.206	0.7690 0.4856
VT	-267.956    0.048  398.604	 0.452 -0.868 -0.206	0.7690 0.5958
VT	-267.956    0.440  398.604	 0.415  0.000  0.910	0.6095 0.5752
VT	-267.956    0.440  398.604	 0.611  0.741 -0.278	0.7690 0.4682
VT	-267.956    0.440  398.604	 0.611  0.741 -0.278	0.7690 0.5783
VT	-267.928    0.168  398.456	-0.415  0.000 -0.910	0.6441 0.6003
VT	-267.928    0.168  398.456	 0.891 -0.205 -0.406	0.7381 0.5563
VT	-267.928    0.320  398.456	-0.415  0.000 -0.910	0.6868 0.6003
VT	-267.928    0.320  398.456	 0.830  0.410 -0.378	0.7381 0.5076
VT	-267.876    0.168  398.568	 0.415  0.000  0.910	0.6868 0.6003
VT	-267.876    0.168  398.568	 0.830 -0.410 -0.378	0.7690 0.5563
VT	-267.876    0.320  398.568	 0.415  0.000  0.910	0.6441 0.6003
VT	-267.876    0.320  398.568	 0.891  0.205 -0.406	0.7690 0.5076
VT	-267.332    0.140  400.692	-0.830 -0.410  0.378	0.7381 0.5076
VT	-267.332    0.140  400.692	-0.415  0.000 -0.910	0.6441 0.4687
VT	-267.332    0.264  400.692	-0.891  0.205  0.406	0.7381 0.5563
VT	-267.332    0.264  400.692	-0.415  0.000 -0.910	0.6868 0.4687
VT	-267.292    0.140  400.784	-0.891 -0.205  0.406	0.7690 0.5076
VT	-267.292    0.140  400.784	 0.415  0.000  0.910	0.6868 0.4687
VT	-267.292    0.264  400.784	-0.830  0.410  0.378	0.7690 0.5563
VT	-267.292    0.264  400.784	 0.415  0.000  0.910	0.6441 0.4687
VT	-267.284    0.160  394.484	-0.518 -0.136 -0.844	0.0016 0.0274
VT	-267.284    0.160  394.484	 0.855 -0.070 -0.514	0.9734 0.0518
VT	-267.280    0.140  394.496	-0.515  0.000 -0.857	0.1960 0.1096
VT	-267.280    0.140  394.496	-0.060 -0.998  0.036	0.1638 0.0804
VT	-267.276    0.184  394.496	-0.515  0.000 -0.857	0.1690 0.1096
VT	-267.276    0.184  394.496	 0.060  0.998 -0.036	0.0019 0.0804
VT	-267.268    0.056  394.524	-0.359 -0.795 -0.489	0.0016 0.0092
VT	-267.268    0.056  394.524	-0.359 -0.795 -0.489	0.0016 0.0455
VT	-267.268    0.056  394.524	 0.855 -0.070 -0.514	0.9912 0.0444
VT	-267.264    0.040  400.660	-0.452 -0.868  0.206	0.7381 0.4682
VT	-267.264    0.040  400.660	-0.452 -0.868  0.206	0.7381 0.5783
VT	-267.264    0.040  400.660	-0.415  0.000 -0.910	0.6095 0.4939
VT	-267.264    0.364  400.660	-0.611  0.741  0.278	0.7381 0.4856
VT	-267.264    0.364  400.660	-0.611  0.741  0.278	0.7381 0.5958
VT	-267.264    0.364  400.660	-0.415  0.000 -0.910	0.7214 0.4939
VT	-267.256    0.268  394.516	-0.374  0.602 -0.705	0.0016 0.0092
VT	-267.256    0.268  394.516	-0.374  0.602 -0.705	0.0016 0.0455
VT	-267.256    0.268  394.516	 0.855 -0.070 -0.514	0.9557 0.0444
VT	-267.224    0.040  400.752	-0.611 -0.741  0.278	0.7690 0.4682
VT	-267.224    0.040  400.752	-0.611 -0.741  0.278	0.7690 0.5783
VT	-267.224    0.040  400.752	 0.415  0.000  0.910	0.7214 0.4939
VT	-267.224    0.364  400.752	-0.452  0.868  0.206	0.7690 0.4856
VT	-267.224    0.364  400.752	-0.452  0.868  0.206	0.7690 0.5958
VT	-267.224    0.364  400.752	 0.415  0.000  0.910	0.6095 0.4939
VT	-267.216    0.012  394.616	 0.011 -0.988  0.153	0.0016 0.0274
VT	-267.216    0.012  394.616	 0.855 -0.070 -0.514	0.9986 0.0266
VT	-267.200    0.312  394.604	-0.011  0.988 -0.153	0.0016 0.0274
VT	-267.200    0.312  394.604	 0.855 -0.070 -0.514	0.9483 0.0266
VT	-267.160    0.004  400.612	-0.415  0.000 -0.910	0.5963 0.5345
VT	-267.160    0.004  400.612	 0.098 -0.994 -0.045	0.7381 0.5320
VT	-267.160    0.056  394.704	 0.374 -0.602  0.705	0.0016 0.0092
VT	-267.160    0.056  394.704	 0.374 -0.602  0.705	0.0016 0.0455
VT	-267.160    0.056  394.704	 0.855 -0.070 -0.514	0.9912 0.0088
VT	-267.160    0.404  400.612	-0.415  0.000 -0.910	0.7346 0.5345
VT	-267.160    0.404  400.612	-0.098  0.994  0.045	0.7381 0.5320
VT	-267.148    0.268  394.700	 0.359  0.795  0.489	0.0016 0.0092
VT	-267.148    0.268  394.700	 0.359  0.795  0.489	0.0016 0.0455
VT	-267.148    0.268  394.700	 0.855 -0.070 -0.514	0.9557 0.0088
VT	-267.140    0.140  394.728	-0.060 -0.998  0.036	0.0019 0.0804
VT	-267.140    0.140  394.728	 0.515  0.000  0.857	0.1960 0.1096
VT	-267.140    0.176  400.712	-0.910  0.000  0.415	0.2552 0.1108
VT	-267.140    0.228  400.712	-0.910  0.000  0.415	0.2398 0.1108
VT	-267.140    0.228  400.712	 0.000  1.000  0.000	0.2552 0.1108
VT	-267.136    0.184  394.728	 0.060  0.998 -0.036	0.1638 0.0804
VT	-267.136    0.184  394.728	 0.515  0.000  0.857	0.1690 0.1096
VT	-267.128    0.160  394.740	 0.518  0.136  0.844	0.0016 0.0274
VT	-267.128    0.160  394.740	 0.855 -0.070 -0.514	0.9734 0.0014
VT	-267.116    0.004  400.704	-0.098 -0.994  0.045	0.7690 0.5320
VT	-267.116    0.004  400.704	 0.415  0.000  0.910	0.7346 0.5345
VT	-267.116    0.404  400.704	 0.098  0.994 -0.045	0.7690 0.5320
VT	-267.116    0.404  400.704	 0.415  0.000  0.910	0.5963 0.5345
VT	-267.096    0.176  400.692	 0.910 -0.000 -0.415	0.2552 0.3270
VT	-267.096    0.228  400.692	 0.000  1.000  0.000	0.2398 0.1108
VT	-267.096    0.228  400.692	 0.910 -0.000 -0.415	0.2398 0.3270
VT	-267.052    0.040  400.564	-0.415  0.000 -0.910	0.6095 0.5752
VT	-267.052    0.040  400.564	 0.611 -0.741 -0.278	0.7381 0.4856
VT	-267.052    0.040  400.564	 0.611 -0.741 -0.278	0.7381 0.5958
VT	-267.052    0.364  400.564	-0.415  0.000 -0.910	0.7214 0.5752
VT	-267.052    0.364  400.564	 0.452  0.868 -0.206	0.7381 0.4682
VT	-267.052    0.364  400.564	 0.452  0.868 -0.206	0.7381 0.5783
VT	-267.012    0.040  400.656	 0.415  0.000  0.910	0.7214 0.5752
VT	-267.012    0.040  400.656	 0.452 -0.868 -0.206	0.7690 0.4856
VT	-267.012    0.040  400.656	 0.452 -0.868 -0.206	0.7690 0.5958
VT	-267.012    0.364  400.656	 0.415  0.000  0.910	0.6095 0.5752
VT	-267.012    0.364  400.656	 0.611  0.741 -0.278	0.7690 0.4682
VT	-267.012    0.364  400.656	 0.611  0.741 -0.278	0.7690 0.5783
VT	-267.000    0.140  401.416	-0.830 -0.410  0.378	0.7381 0.5076
VT	-267.000    0.140  401.416	-0.415  0.000 -0.910	0.6441 0.4687
VT	-267.000    0.264  401.416	-0.891  0.205  0.406	0.7381 0.5563
VT	-267.000    0.264  401.416	-0.415  0.000 -0.910	0.6868 0.4687
VT	-266.984    0.140  400.536	-0.415  0.000 -0.910	0.6441 0.6003
VT	-266.984    0.140  400.536	 0.891 -0.205 -0.406	0.7381 0.5563
VT	-266.984    0.264  400.536	-0.415  0.000 -0.910	0.6868 0.6003
VT	-266.984    0.264  400.536	 0.830  0.410 -0.378	0.7381 0.5076
VT	-266.972    0.112  394.312	-0.515  0.000 -0.857	0.1960 0.3277
VT	-266.972    0.112  394.312	-0.060 -0.998  0.036	0.1638 0.2963
VT	-266.972    0.112  394.312	 0.855 -0.070 -0.514	0.0021 0.3290
VT	-266.968    0.160  394.312	-0.515  0.000 -0.857	0.1690 0.3277
VT	-266.968    0.160  394.312	 0.060  0.998 -0.036	0.0019 0.2963
VT	-266.968    0.160  394.312	 0.855 -0.070 -0.514	0.0021 0.3020
VT	-266.960    0.140  401.508	-0.891 -0.205  0.406	0.7690 0.5076
VT	-266.960    0.140  401.508	 0.415  0.000  0.910	0.6868 0.4687
VT	-266.960    0.264  401.508	-0.830  0.410  0.378	0.7690 0.5563
VT	-266.960    0.264  401.508	 0.415  0.000  0.910	0.6441 0.4687
VT	-266.944    0.140  400.624	 0.415  0.000  0.910	0.6868 0.6003
VT	-266.944    0.140  400.624	 0.830 -0.410 -0.378	0.7690 0.5563
VT	-266.944    0.264  400.624	 0.415  0.000  0.910	0.6441 0.6003
VT	-266.944    0.264  400.624	 0.891  0.205 -0.406	0.7690 0.5076
VT	-266.936    0.040  401.384	-0.452 -0.868  0.206	0.7381 0.4682
VT	-266.936    0.040  401.384	-0.452 -0.868  0.206	0.7381 0.5783
VT	-266.936    0.040  401.384	-0.415  0.000 -0.910	0.6095 0.4939
VT	-266.936    0.364  401.384	-0.611  0.741  0.278	0.7381 0.4856
VT	-266.936    0.364  401.384	-0.611  0.741  0.278	0.7381 0.5958
VT	-266.936    0.364  401.384	-0.415  0.000 -0.910	0.7214 0.4939
VT	-266.908    0.384  397.292	-0.404 -0.137 -0.904	0.9437 0.0802
VT	-266.908    0.384  397.292	 0.909  0.052 -0.414	0.9720 0.1055
VT	-266.904    0.408  397.308	-0.415  0.000 -0.910	0.1960 0.1096
VT	-266.904    0.408  397.308	-0.048  0.999  0.022	0.0019 0.0804
VT	-266.900    0.364  397.308	-0.415  0.000 -0.910	0.1690 0.1096
VT	-266.900    0.364  397.308	 0.048 -0.999 -0.022	0.1638 0.0804
VT	-266.896    0.040  401.476	-0.611 -0.741  0.278	0.7690 0.4682
VT	-266.896    0.040  401.476	-0.611 -0.741  0.278	0.7690 0.5783
VT	-266.896    0.040  401.476	 0.415  0.000  0.910	0.7214 0.4939
VT	-266.896    0.364  401.476	-0.452  0.868  0.206	0.7690 0.4856
VT	-266.896    0.364  401.476	-0.452  0.868  0.206	0.7690 0.5958
VT	-266.896    0.364  401.476	 0.415  0.000  0.910	0.6095 0.4939
VT	-266.896    0.492  397.336	-0.359  0.603 -0.712	0.9437 0.0620
VT	-266.896    0.492  397.336	-0.359  0.603 -0.712	0.9437 0.0984
VT	-266.896    0.492  397.336	 0.909  0.052 -0.414	0.9550 0.0984
VT	-266.884    0.280  397.332	-0.212 -0.796 -0.567	0.9437 0.0620
VT	-266.884    0.280  397.332	-0.212 -0.796 -0.567	0.9437 0.0984
VT	-266.884    0.280  397.332	 0.909  0.052 -0.414	0.9890 0.0984
VT	-266.852    0.176  401.348	-0.910  0.000  0.415	0.2552 0.3270
VT	-266.852    0.228  401.348	-0.910  0.000  0.415	0.2398 0.3270
VT	-266.852    0.228  401.348	 0.000  1.000  0.000	0.2552 0.3270
VT	-266.852    0.536  397.432	-0.104  0.989 -0.103	0.9437 0.0802
VT	-266.852    0.536  397.432	 0.909  0.052 -0.414	0.9480 0.0814
VT	-266.836    0.236  397.428	 0.104 -0.989  0.103	0.9437 0.0802
VT	-266.836    0.236  397.428	 0.909  0.052 -0.414	0.9960 0.0814
VT	-266.832    0.112  394.544	-0.060 -0.998  0.036	0.0019 0.2963
VT	-266.832    0.112  394.544	 0.515  0.000  0.857	0.1960 0.3277
VT	-266.832    0.112  394.544	 0.855 -0.070 -0.514	0.1639 0.3290
VT	-266.828    0.004  401.336	-0.415  0.000 -0.910	0.5963 0.5345
VT	-266.828    0.004  401.336	 0.098 -0.994 -0.045	0.7381 0.5320
VT	-266.828    0.160  394.540	 0.060  0.998 -0.036	0.1638 0.2963
VT	-266.828    0.160  394.540	 0.515  0.000  0.857	0.1690 0.3277
VT	-266.828    0.160  394.540	 0.855 -0.070 -0.514	0.1639 0.3020
VT	-266.828    0.404  401.336	-0.415  0.000 -0.910	0.7346 0.5345
VT	-266.828    0.404  401.336	-0.098  0.994  0.045	0.7381 0.5320
VT	-266.808    0.492  397.528	 0.212  0.796  0.567	0.9437 0.0620
VT	-266.808    0.492  397.528	 0.212  0.796  0.567	0.9437 0.0984
VT	-266.808    0.492  397.528	 0.909  0.052 -0.414	0.9550 0.0644
VT	-266.804    0.176  401.328	 0.910 -0.000 -0.415	0.2552 0.1108
VT	-266.804    0.228  401.328	 0.000  1.000  0.000	0.2398 0.3270
VT	-266.804    0.228  401.328	 0.910  0.000 -0.415	0.2398 0.1108
VT	-266.796    0.280  397.524	 0.359 -0.603  0.712	0.9437 0.0620
VT	-266.796    0.280  397.524	 0.359 -0.603  0.712	0.9437 0.0984
VT	-266.796    0.280  397.524	 0.909  0.052 -0.414	0.9890 0.0644
VT	-266.792    0.408  397.552	-0.048  0.999  0.022	0.1638 0.0804
VT	-266.792    0.408  397.552	 0.415  0.000  0.910	0.1960 0.1096
VT	-266.788    0.004  401.428	-0.098 -0.994  0.045	0.7690 0.5320
VT	-266.788    0.004  401.428	 0.415  0.000  0.910	0.7346 0.5345
VT	-266.788    0.364  397.552	 0.048 -0.999 -0.022	0.0019 0.0804
VT	-266.788    0.364  397.552	 0.415  0.000  0.910	0.1690 0.1096
VT	-266.788    0.404  401.428	 0.098  0.994 -0.045	0.7690 0.5320
VT	-266.788    0.404  401.428	 0.415  0.000  0.910	0.5963 0.5345
VT	-266.784    0.384  397.564	 0.404  0.137  0.904	0.9437 0.0802
VT	-266.784    0.384  397.564	 0.909  0.052 -0.414	0.9720 0.0574
VT	-266.720    0.040  401.288	-0.415  0.000 -0.910	0.6095 0.5752
VT	-266.720    0.040  401.288	 0.611 -0.741 -0.278	0.7381 0.4856
VT	-266.720    0.040  401.288	 0.611 -0.741 -0.278	0.7381 0.5958
VT	-266.720    0.364  401.288	-0.415  0.000 -0.910	0.7214 0.5752
VT	-266.720    0.364  401.288	 0.452  0.868 -0.206	0.7381 0.4682
VT	-266.720    0.364  401.288	 0.452  0.868 -0.206	0.7381 0.5783
VT	-266.680    0.040  401.380	 0.415  0.000  0.910	0.7214 0.5752
VT	-266.680    0.040  401.380	 0.452 -0.868 -0.206	0.7690 0.4856
VT	-266.680    0.040  401.380	 0.452 -0.868 -0.206	0.7690 0.5958
VT	-266.680    0.364  401.380	 0.415  0.000  0.910	0.6095 0.5752
VT	-266.680    0.364  401.380	 0.611  0.741 -0.278	0.7690 0.4682
VT	-266.680    0.364  401.380	 0.611  0.741 -0.278	0.7690 0.5783
VT	-266.656    0.140  401.260	-0.415  0.000 -0.910	0.6441 0.6003
VT	-266.656    0.140  401.260	 0.891 -0.205 -0.406	0.7381 0.5563
VT	-266.656    0.264  401.260	-0.415  0.000 -0.910	0.6868 0.6003
VT	-266.656    0.264  401.260	 0.830  0.410 -0.378	0.7381 0.5076
VT	-266.616    0.140  401.348	 0.415  0.000  0.910	0.6868 0.6003
VT	-266.616    0.140  401.348	 0.830 -0.410 -0.378	0.7690 0.5563
VT	-266.616    0.264  401.348	 0.415  0.000  0.910	0.6441 0.6003
VT	-266.616    0.264  401.348	 0.891  0.205 -0.406	0.7690 0.5076
VT	-266.576    0.428  397.156	-0.415  0.000 -0.910	0.1960 0.3277
VT	-266.576    0.428  397.156	-0.048  0.999  0.022	0.0019 0.2963
VT	-266.576    0.428  397.156	 0.909  0.052 -0.414	0.1639 0.3290
VT	-266.572    0.384  397.156	-0.415  0.000 -0.910	0.1690 0.3277
VT	-266.572    0.384  397.156	 0.048 -0.999 -0.022	0.1638 0.2963
VT	-266.572    0.384  397.156	 0.909  0.052 -0.414	0.1639 0.3020
VT	-266.464    0.428  397.404	-0.048  0.999  0.022	0.1638 0.2963
VT	-266.464    0.428  397.404	 0.415  0.000  0.910	0.1960 0.3277
VT	-266.464    0.428  397.404	 0.909  0.052 -0.414	0.0021 0.3290
VT	-266.460    0.384  397.404	 0.048 -0.999 -0.022	0.0019 0.2963
VT	-266.460    0.384  397.404	 0.415  0.000  0.910	0.1690 0.3277
VT	-266.460    0.384  397.404	 0.909  0.052 -0.414	0.0021 0.3020
VT	-265.836    0.352  400.392	-0.402 -0.136 -0.905	0.9435 0.1634
VT	-265.836    0.352  400.392	 0.908  0.070 -0.414	0.9729 0.1806
VT	-265.832    0.336  400.396	-0.415  0.000 -0.910	0.1690 0.1096
VT	-265.832    0.336  400.396	 0.063 -0.998 -0.029	0.1638 0.0804
VT	-265.832    0.368  400.400	-0.415  0.000 -0.910	0.1960 0.1096
VT	-265.832    0.368  400.400	-0.063  0.998  0.029	0.0019 0.0804
VT	-265.828    0.424  400.420	-0.369  0.602 -0.708	0.9435 0.1512
VT	-265.828    0.424  400.420	-0.369  0.602 -0.708	0.9435 0.1755
VT	-265.828    0.424  400.420	 0.908  0.070 -0.414	0.9612 0.1757
VT	-265.820    0.284  400.416	-0.200 -0.795 -0.572	0.9435 0.1512
VT	-265.820    0.284  400.416	-0.200 -0.795 -0.572	0.9435 0.1755
VT	-265.820    0.284  400.416	 0.908  0.070 -0.414	0.9846 0.1757
VT	-265.800    0.452  400.484	-0.120  0.988 -0.096	0.9435 0.1634
VT	-265.800    0.452  400.484	 0.908  0.070 -0.414	0.9564 0.1641
VT	-265.788    0.252  400.480	 0.120 -0.988  0.096	0.9435 0.1634
VT	-265.788    0.252  400.480	 0.908  0.070 -0.414	0.9894 0.1641
VT	-265.768    0.424  400.548	 0.200  0.795  0.572	0.9435 0.1512
VT	-265.768    0.424  400.548	 0.200  0.795  0.572	0.9435 0.1755
VT	-265.768    0.424  400.548	 0.908  0.070 -0.414	0.9612 0.1524
VT	-265.760    0.284  400.544	 0.369 -0.602  0.708	0.9435 0.1512
VT	-265.760    0.284  400.544	 0.369 -0.602  0.708	0.9435 0.1755
VT	-265.760    0.284  400.544	 0.908  0.070 -0.414	0.9846 0.1524
VT	-265.756    0.336  400.568	 0.063 -0.998 -0.029	0.0019 0.0804
VT	-265.756    0.336  400.568	 0.415  0.000  0.910	0.1690 0.1096
VT	-265.756    0.368  400.568	-0.063  0.998  0.029	0.1638 0.0804
VT	-265.756    0.368  400.568	 0.415  0.000  0.910	0.1960 0.1096
VT	-265.752    0.352  400.576	 0.402  0.136  0.905	0.9435 0.1634
VT	-265.752    0.352  400.576	 0.908  0.070 -0.414	0.9729 0.1476
VT	-265.608    0.384  400.296	-0.415  0.000 -0.910	0.1960 0.3277
VT	-265.608    0.384  400.296	-0.063  0.998  0.029	0.0019 0.2963
VT	-265.608    0.384  400.296	 0.908  0.070 -0.414	0.1639 0.3290
VT	-265.604    0.356  400.296	-0.415  0.000 -0.910	0.1690 0.3277
VT	-265.604    0.356  400.296	 0.063 -0.998 -0.029	0.1638 0.2963
VT	-265.604    0.356  400.296	 0.908  0.070 -0.414	0.1639 0.3020
VT	-265.532    0.384  400.464	-0.063  0.998  0.029	0.1638 0.2963
VT	-265.532    0.384  400.464	 0.415  0.000  0.910	0.1960 0.3277
VT	-265.532    0.384  400.464	 0.908  0.070 -0.414	0.0021 0.3290
VT	-265.528    0.356  400.464	 0.063 -0.998 -0.029	0.0019 0.2963
VT	-265.528    0.356  400.464	 0.415  0.000  0.910	0.1690 0.3277
VT	-265.528    0.356  400.464	 0.908  0.070 -0.414	0.0021 0.3020

IDX10	172 178 166 179 173 183 181 185 187 187
IDX10	183 181 169 174 185 185 181 169 158 164
IDX10	175 175 170 158 129 142 157 147 133 129
IDX10	171 159 147 180 182 171 180 171 147 180
IDX10	147 129 180 129 157 180 157 168 360 23
IDX10	13 13 344 360 370 27 22 22 359 370
IDX10	380 33 27 27 370 380 389 39 32 32
IDX10	379 389 375 30 39 39 389 375 368 25
IDX10	29 29 374 368 351 20 25 25 368 351
IDX10	344 13 19 166 160 172 183 187 179 26
IDX10	31 38 12 21 26 12 26 38 12 38
IDX10	24 12 24 18 381 371 361 376 390 381
IDX10	352 369 376 352 376 381 352 381 361 352
IDX10	361 345 2 7 34 34 15 2 5 17
IDX10	36 36 10 5 4 1 14 14 16 4
IDX10	9 6 0 0 3 9 37 35 8 8
IDX10	11 37 422 468 387 387 349 422 419 347
IDX10	382 382 463 419 418 421 348 348 346 418
IDX10	465 470 423 423 420 465 383 388 469 469
IDX10	464 383 152 146 160 160 166 152 140 132
IDX10	145 145 151 140 136 128 132 132 140 136
IDX10	149 144 128 128 136 149 164 158 143 143
IDX10	148 164 165 184 176 165 177 184 165 153
IDX10	177 165 137 153 165 150 137 137 141 153
IDX10	153 167 177 177 186 184 126 100 114 126
IDX10	55 100 126 81 55 126 117 81 126 130
IDX10	117 117 102 81 81 57 55 55 76 100
IDX10	121 116 101 101 107 121 135 127 115 115
IDX10	120 135 139 131 127 127 135 139 125 119
IDX10	131 131 139 125 109 103 118 118 124 109
IDX10	98 80 103 103 109 98 74 56 79 79
IDX10	97 74 72 54 56 56 74 72 95 78
IDX10	54 54 72 95 107 101 77 77 94 107
IDX10	108 134 122 108 123 134 108 99 123 108
IDX10	73 99 108 96 73 73 75 99 99 110
IDX10	123 123 138 134 155 154 104 104 105 155
IDX10	113 111 161 38 28 24 19 350 344 162
IDX10	156 106 233 256 244 233 282 256 233 271
IDX10	282 233 247 271 233 235 247 247 258 271
IDX10	271 284 282 282 268 256 237 243 255 255
IDX10	249 237 228 232 242 242 236 228 230 234
IDX10	232 232 228 230 240 246 234 234 230 240
IDX10	251 257 245 245 239 251 267 273 257 257
IDX10	251 267 277 285 272 272 266 277 275 283
IDX10	285 285 277 275 264 270 283 283 275 264
IDX10	249 255 269 269 263 249 248 229 238 248
IDX10	241 229 248 265 241 248 274 265 248 262
IDX10	274 274 276 265 265 250 241 241 231 229
IDX10	309 311 261 261 259 309 252 253 303 303
IDX10	302 252 254 260 310 310 304 254 287 313
IDX10	298 287 332 313 287 325 332 287 301 325
IDX10	287 289 301 301 315 325 325 334 332 332
IDX10	322 313 291 297 312 312 306 291 278 286
IDX10	296 296 290 278 280 288 286 286 278 280
IDX10	294 300 288 288 280 294 308 314 299 299
IDX10	293 308 321 327 314 314 308 321 331 335
IDX10	326 326 320 331 329 333 335 335 331 329
IDX10	318 324 333 333 329 318 306 312 323 323
IDX10	317 306 305 279 292 305 295 279 305 319
IDX10	295 305 328 319 305 316 328 328 330 319
IDX10	319 307 295 295 281 279 44 41 58 58
IDX10	60 44 49 46 40 40 43 49 91 89
IDX10	48 48 51 91 59 42 47 47 88 59
IDX10	61 90 50 50 45 61 515 512 440 440
IDX10	442 515 523 520 514 514 517 523 487 483
IDX10	519 519 522 487 441 513 518 518 482 441
IDX10	443 486 521 521 516 443 85 82 92 85
IDX10	62 82 85 65 62 85 70 65 65 52
IDX10	62 62 68 82 491 462 481 491 439 462
IDX10	491 460 439 491 475 460 460 452 439 439
IDX10	455 462 479 86 93 93 490 479 461 71
IDX10	87 87 480 461 453 66 71 71 461 453
IDX10	438 53 67 67 454 438 450 63 53 53
