I
800	# Converted by FS2XPlane 3.26
OBJ

# file GSEaprontengah1.bgl

TEXTURE		GSE13.dds
TEXTURE_LIT	GSE13_LIT.dds
POINT_COUNTS	188 0 0 378

VT	-464.248    0.152 -128.396	-0.909 -0.052  0.414	0.1639 0.3020
VT	-464.248    0.152 -128.396	-0.415  0.000 -0.910	0.1690 0.3277
VT	-464.248    0.152 -128.396	-0.048  0.999  0.022	0.1638 0.2963
VT	-464.244    0.108 -128.400	-0.909 -0.052  0.414	0.1639 0.3290
VT	-464.244    0.108 -128.400	-0.415  0.000 -0.910	0.1960 0.3277
VT	-464.244    0.108 -128.400	 0.048 -0.999 -0.022	0.0019 0.2963
VT	-464.136    0.152 -128.152	-0.909 -0.052  0.414	0.0021 0.3020
VT	-464.136    0.152 -128.152	-0.048  0.999  0.022	0.0019 0.2963
VT	-464.136    0.152 -128.152	 0.415  0.000  0.910	0.1690 0.3277
VT	-464.132    0.108 -128.152	-0.909 -0.052  0.414	0.0021 0.3290
VT	-464.132    0.108 -128.152	 0.048 -0.999 -0.022	0.1638 0.2963
VT	-464.132    0.108 -128.152	 0.415  0.000  0.910	0.1960 0.3277
VT	-463.928    0.152 -128.560	-0.909 -0.052  0.414	0.9720 0.0574
VT	-463.928    0.152 -128.560	-0.417  0.137 -0.898	0.1722 0.0802
VT	-463.920    0.128 -128.548	-0.415  0.000 -0.910	0.1960 0.1096
VT	-463.920    0.128 -128.548	 0.048 -0.999 -0.022	0.0019 0.0804
VT	-463.920    0.172 -128.548	-0.415  0.000 -0.910	0.1690 0.1096
VT	-463.920    0.172 -128.548	-0.048  0.999  0.022	0.1638 0.0804
VT	-463.916    0.256 -128.516	-0.909 -0.052  0.414	0.9550 0.0644
VT	-463.916    0.256 -128.516	-0.288  0.796 -0.532	0.1722 0.0620
VT	-463.916    0.256 -128.516	-0.288  0.796 -0.532	0.1722 0.0984
VT	-463.904    0.044 -128.520	-0.909 -0.052  0.414	0.9890 0.0644
VT	-463.904    0.044 -128.520	-0.302 -0.603 -0.739	0.1722 0.0620
VT	-463.904    0.044 -128.520	-0.302 -0.603 -0.739	0.1722 0.0984
VT	-463.872    0.300 -128.420	-0.909 -0.052  0.414	0.9480 0.0814
VT	-463.872    0.300 -128.420	 0.010  0.989  0.146	0.1722 0.0802
VT	-463.860    0.000 -128.428	-0.909 -0.052  0.414	0.9960 0.0814
VT	-463.860    0.000 -128.428	-0.010 -0.989 -0.146	0.1722 0.0802
VT	-463.828    0.256 -128.324	-0.909 -0.052  0.414	0.9550 0.0984
VT	-463.828    0.256 -128.324	 0.302  0.603  0.739	0.1722 0.0620
VT	-463.828    0.256 -128.324	 0.302  0.603  0.739	0.1722 0.0984
VT	-463.816    0.044 -128.328	-0.909 -0.052  0.414	0.9890 0.0984
VT	-463.816    0.044 -128.328	 0.288 -0.796  0.532	0.1722 0.0620
VT	-463.816    0.044 -128.328	 0.288 -0.796  0.532	0.1722 0.0984
VT	-463.808    0.128 -128.300	 0.048 -0.999 -0.022	0.1638 0.0804
VT	-463.808    0.128 -128.300	 0.415  0.000  0.910	0.1960 0.1096
VT	-463.808    0.172 -128.300	-0.048  0.999  0.022	0.0019 0.0804
VT	-463.808    0.172 -128.300	 0.415  0.000  0.910	0.1690 0.1096
VT	-463.804    0.152 -128.288	-0.909 -0.052  0.414	0.9720 0.1055
VT	-463.804    0.152 -128.288	 0.417 -0.137  0.898	0.1722 0.0802
VT	-461.736    0.168 -130.064	-0.830 -0.410  0.378	0.7381 0.5076
VT	-461.736    0.168 -130.064	-0.415  0.000 -0.910	0.6441 0.4687
VT	-461.736    0.320 -130.064	-0.891  0.205  0.406	0.7381 0.5563
VT	-461.736    0.320 -130.064	-0.415  0.000 -0.910	0.6868 0.4687
VT	-461.684    0.168 -129.952	-0.891 -0.205  0.406	0.7690 0.5076
VT	-461.684    0.168 -129.952	 0.415  0.000  0.910	0.6868 0.4687
VT	-461.684    0.320 -129.952	-0.830  0.410  0.378	0.7690 0.5563
VT	-461.684    0.320 -129.952	 0.415  0.000  0.910	0.6441 0.4687
VT	-461.652    0.048 -130.100	-0.452 -0.868  0.206	0.7381 0.4682
VT	-461.652    0.048 -130.100	-0.452 -0.868  0.206	0.7381 0.5783
VT	-461.652    0.048 -130.100	-0.415  0.000 -0.910	0.6095 0.4939
VT	-461.652    0.440 -130.100	-0.611  0.741  0.278	0.7381 0.4856
VT	-461.652    0.440 -130.100	-0.611  0.741  0.278	0.7381 0.5958
VT	-461.652    0.440 -130.100	-0.415  0.000 -0.910	0.7214 0.4939
VT	-461.604    0.048 -129.988	-0.611 -0.741  0.278	0.7690 0.4682
VT	-461.604    0.048 -129.988	-0.611 -0.741  0.278	0.7690 0.5783
VT	-461.604    0.048 -129.988	 0.415  0.000  0.910	0.7214 0.4939
VT	-461.604    0.440 -129.988	-0.452  0.868  0.206	0.7690 0.4856
VT	-461.604    0.440 -129.988	-0.452  0.868  0.206	0.7690 0.5958
VT	-461.604    0.440 -129.988	 0.415  0.000  0.910	0.6095 0.4939
VT	-461.524    0.000 -130.160	-0.415  0.000 -0.910	0.5963 0.5345
VT	-461.524    0.000 -130.160	 0.098 -0.994 -0.045	0.7381 0.5320
VT	-461.524    0.488 -130.160	-0.415  0.000 -0.910	0.7346 0.5345
VT	-461.524    0.488 -130.160	-0.098  0.994  0.045	0.7381 0.5320
VT	-461.500    0.212 -130.036	-0.910 -0.000  0.415	0.2365 0.1113
VT	-461.500    0.272 -130.036	-0.910 -0.000  0.415	0.2204 0.1113
VT	-461.500    0.272 -130.036	-0.000  1.000 -0.000	0.2365 0.1113
VT	-461.472    0.000 -130.048	-0.098 -0.994  0.045	0.7690 0.5320
VT	-461.472    0.000 -130.048	 0.415  0.000  0.910	0.7346 0.5345
VT	-461.472    0.488 -130.048	 0.098  0.994 -0.045	0.7690 0.5320
VT	-461.472    0.488 -130.048	 0.415  0.000  0.910	0.5963 0.5345
VT	-461.444    0.212 -130.064	 0.910  0.000 -0.415	0.2365 0.3282
VT	-461.444    0.272 -130.064	-0.000  1.000 -0.000	0.2204 0.1113
VT	-461.444    0.272 -130.064	 0.910  0.000 -0.415	0.2204 0.3282
VT	-461.392    0.048 -130.220	-0.415  0.000 -0.910	0.6095 0.5752
VT	-461.392    0.048 -130.220	 0.611 -0.741 -0.278	0.7381 0.4856
VT	-461.392    0.048 -130.220	 0.611 -0.741 -0.278	0.7381 0.5958
VT	-461.392    0.440 -130.220	-0.415  0.000 -0.910	0.7214 0.5752
VT	-461.392    0.440 -130.220	 0.452  0.868 -0.206	0.7381 0.4682
VT	-461.392    0.440 -130.220	 0.452  0.868 -0.206	0.7381 0.5783
VT	-461.340    0.048 -130.108	 0.415  0.000  0.910	0.7214 0.5752
VT	-461.340    0.048 -130.108	 0.452 -0.868 -0.206	0.7690 0.4856
VT	-461.340    0.048 -130.108	 0.452 -0.868 -0.206	0.7690 0.5958
VT	-461.340    0.440 -130.108	 0.415  0.000  0.910	0.6095 0.5752
VT	-461.340    0.440 -130.108	 0.611  0.741 -0.278	0.7690 0.4682
VT	-461.340    0.440 -130.108	 0.611  0.741 -0.278	0.7690 0.5783
VT	-461.312    0.168 -130.256	-0.415  0.000 -0.910	0.6441 0.6003
VT	-461.312    0.168 -130.256	 0.891 -0.205 -0.406	0.7381 0.5563
VT	-461.312    0.320 -130.256	-0.415 -0.000 -0.910	0.6868 0.6003
VT	-461.312    0.320 -130.256	 0.830  0.410 -0.378	0.7381 0.5076
VT	-461.280    0.168 -129.068	-0.830 -0.410  0.378	0.7381 0.5076
VT	-461.280    0.168 -129.068	-0.415  0.000 -0.910	0.6441 0.4687
VT	-461.280    0.320 -129.068	-0.891  0.205  0.406	0.7381 0.5563
VT	-461.280    0.320 -129.068	-0.415  0.000 -0.910	0.6868 0.4687
VT	-461.260    0.168 -130.144	 0.415  0.000  0.910	0.6868 0.6003
VT	-461.260    0.168 -130.144	 0.830 -0.410 -0.378	0.7690 0.5563
VT	-461.260    0.320 -130.144	 0.415  0.000  0.910	0.6441 0.6003
VT	-461.260    0.320 -130.144	 0.891  0.205 -0.406	0.7690 0.5076
VT	-461.228    0.168 -128.956	-0.891 -0.205  0.406	0.7690 0.5076
VT	-461.228    0.168 -128.956	 0.415  0.000  0.910	0.6868 0.4687
VT	-461.228    0.320 -128.956	-0.830  0.410  0.378	0.7690 0.5563
VT	-461.228    0.320 -128.956	 0.415  0.000  0.910	0.6441 0.4687
VT	-461.200    0.048 -129.104	-0.452 -0.868  0.206	0.7381 0.4682
VT	-461.200    0.048 -129.104	-0.452 -0.868  0.206	0.7381 0.5783
VT	-461.200    0.048 -129.104	-0.415  0.000 -0.910	0.6095 0.4939
VT	-461.200    0.440 -129.104	-0.611  0.741  0.278	0.7381 0.4856
VT	-461.200    0.440 -129.104	-0.611  0.741  0.278	0.7381 0.5958
VT	-461.200    0.440 -129.104	-0.415  0.000 -0.910	0.7214 0.4939
VT	-461.148    0.048 -128.992	-0.611 -0.741  0.278	0.7690 0.4682
VT	-461.148    0.048 -128.992	-0.611 -0.741  0.278	0.7690 0.5783
VT	-461.148    0.048 -128.992	 0.415  0.000  0.910	0.7214 0.4939
VT	-461.148    0.440 -128.992	-0.452  0.868  0.206	0.7690 0.4856
VT	-461.148    0.440 -128.992	-0.452  0.868  0.206	0.7690 0.5958
VT	-461.148    0.440 -128.992	 0.415  0.000  0.910	0.6095 0.4939
VT	-461.096    0.212 -129.148	-0.910 -0.000  0.415	0.2365 0.3282
VT	-461.096    0.272 -129.148	-0.910 -0.000  0.415	0.2204 0.3282
VT	-461.096    0.272 -129.148	-0.000  1.000 -0.000	0.2365 0.3282
VT	-461.068    0.000 -129.164	-0.415  0.000 -0.910	0.5963 0.5345
VT	-461.068    0.000 -129.164	 0.098 -0.994 -0.045	0.7381 0.5320
VT	-461.068    0.488 -129.164	-0.415  0.000 -0.910	0.7346 0.5345
VT	-461.068    0.488 -129.164	-0.098  0.994  0.045	0.7381 0.5320
VT	-461.040    0.212 -129.176	 0.910  0.000 -0.415	0.2365 0.1113
VT	-461.040    0.272 -129.176	-0.000  1.000 -0.000	0.2204 0.3282
VT	-461.040    0.272 -129.176	 0.910  0.000 -0.415	0.2204 0.1113
VT	-461.020    0.000 -129.052	-0.098 -0.994  0.045	0.7690 0.5320
VT	-461.020    0.000 -129.052	 0.415  0.000  0.910	0.7346 0.5345
VT	-461.020    0.488 -129.052	 0.098  0.994 -0.045	0.7690 0.5320
VT	-461.020    0.488 -129.052	 0.415  0.000  0.910	0.5963 0.5345
VT	-460.940    0.048 -129.224	-0.415 -0.000 -0.910	0.6095 0.5752
VT	-460.940    0.048 -129.224	 0.611 -0.741 -0.278	0.7381 0.4856
VT	-460.940    0.048 -129.224	 0.611 -0.741 -0.278	0.7381 0.5958
VT	-460.940    0.440 -129.224	-0.415  0.000 -0.910	0.7214 0.5752
VT	-460.940    0.440 -129.224	 0.452  0.868 -0.206	0.7381 0.4682
VT	-460.940    0.440 -129.224	 0.452  0.868 -0.206	0.7381 0.5783
VT	-460.888    0.048 -129.112	 0.415  0.000  0.910	0.7214 0.5752
VT	-460.888    0.048 -129.112	 0.452 -0.868 -0.206	0.7690 0.4856
VT	-460.888    0.048 -129.112	 0.452 -0.868 -0.206	0.7690 0.5958
VT	-460.888    0.440 -129.112	 0.415  0.000  0.910	0.6095 0.5752
VT	-460.888    0.440 -129.112	 0.611  0.741 -0.278	0.7690 0.4682
VT	-460.888    0.440 -129.112	 0.611  0.741 -0.278	0.7690 0.5783
VT	-460.856    0.168 -129.260	-0.415  0.000 -0.910	0.6441 0.6003
VT	-460.856    0.168 -129.260	 0.891 -0.205 -0.406	0.7381 0.5563
VT	-460.856    0.320 -129.260	-0.415  0.000 -0.910	0.6868 0.6003
VT	-460.856    0.320 -129.260	 0.830  0.410 -0.378	0.7381 0.5076
VT	-460.808    0.168 -129.148	 0.415  0.000  0.910	0.6868 0.6003
VT	-460.808    0.168 -129.148	 0.830 -0.410 -0.378	0.7690 0.5563
VT	-460.808    0.320 -129.148	 0.415  0.000  0.910	0.6441 0.6003
VT	-460.808    0.320 -129.148	 0.891  0.205 -0.406	0.7690 0.5076
VT	-459.840    0.384 -130.424	-0.404 -0.137 -0.904	0.9437 0.0802
VT	-459.840    0.384 -130.424	 0.909  0.052 -0.414	0.9720 0.1055
VT	-459.836    0.408 -130.408	-0.415  0.000 -0.910	0.1960 0.1096
VT	-459.836    0.408 -130.408	-0.048  0.999  0.022	0.0019 0.0804
VT	-459.832    0.364 -130.408	-0.415  0.000 -0.910	0.1690 0.1096
VT	-459.832    0.364 -130.408	 0.048 -0.999 -0.022	0.1638 0.0804
VT	-459.824    0.492 -130.380	-0.359  0.603 -0.712	0.9437 0.0620
VT	-459.824    0.492 -130.380	-0.359  0.603 -0.712	0.9437 0.0984
VT	-459.824    0.492 -130.380	 0.909  0.052 -0.414	0.9550 0.0984
VT	-459.816    0.280 -130.384	-0.212 -0.796 -0.567	0.9437 0.0620
VT	-459.816    0.280 -130.384	-0.212 -0.796 -0.567	0.9437 0.0984
VT	-459.816    0.280 -130.384	 0.909  0.052 -0.414	0.9890 0.0984
VT	-459.784    0.536 -130.284	-0.104  0.989 -0.103	0.9437 0.0802
VT	-459.784    0.536 -130.284	 0.909  0.052 -0.414	0.9480 0.0814
VT	-459.768    0.236 -130.288	 0.104 -0.989  0.103	0.9437 0.0802
VT	-459.768    0.236 -130.288	 0.909  0.052 -0.414	0.9960 0.0814
VT	-459.736    0.492 -130.188	 0.212  0.796  0.567	0.9437 0.0620
VT	-459.736    0.492 -130.188	 0.212  0.796  0.567	0.9437 0.0984
VT	-459.736    0.492 -130.188	 0.909  0.052 -0.414	0.9550 0.0644
VT	-459.728    0.280 -130.192	 0.359 -0.603  0.712	0.9437 0.0620
VT	-459.728    0.280 -130.192	 0.359 -0.603  0.712	0.9437 0.0984
VT	-459.728    0.280 -130.192	 0.909  0.052 -0.414	0.9890 0.0644
VT	-459.724    0.408 -130.164	-0.048  0.999  0.022	0.1638 0.0804
VT	-459.724    0.408 -130.164	 0.415  0.000  0.910	0.1960 0.1096
VT	-459.720    0.364 -130.164	 0.048 -0.999 -0.022	0.0019 0.0804
VT	-459.720    0.364 -130.164	 0.415  0.000  0.910	0.1690 0.1096
VT	-459.716    0.384 -130.152	 0.404  0.137  0.904	0.9437 0.0802
VT	-459.716    0.384 -130.152	 0.909  0.052 -0.414	0.9720 0.0574
VT	-459.508    0.428 -130.560	-0.415  0.000 -0.910	0.1960 0.3277
VT	-459.508    0.428 -130.560	-0.048  0.999  0.022	0.0019 0.2963
VT	-459.508    0.428 -130.560	 0.909  0.052 -0.414	0.1639 0.3290
VT	-459.504    0.384 -130.560	-0.415  0.000 -0.910	0.1690 0.3277
VT	-459.504    0.384 -130.560	 0.048 -0.999 -0.022	0.1638 0.2963
VT	-459.504    0.384 -130.560	 0.909  0.052 -0.414	0.1639 0.3020
VT	-459.396    0.428 -130.312	-0.048  0.999  0.022	0.1638 0.2963
VT	-459.396    0.428 -130.312	 0.415  0.000  0.910	0.1960 0.3277
VT	-459.396    0.428 -130.312	 0.909  0.052 -0.414	0.0021 0.3290
VT	-459.392    0.384 -130.312	 0.048 -0.999 -0.022	0.0019 0.2963
VT	-459.392    0.384 -130.312	 0.415  0.000  0.910	0.1690 0.3277
VT	-459.392    0.384 -130.312	 0.909  0.052 -0.414	0.0021 0.3020

IDX10	107 93 91 106 112 100 30 165 174 100
IDX10	92 106 25 160 164 164 29 25 174 39
IDX10	30 160 25 20 13 148 154 20 155 160
IDX10	23 158 148 148 13 23 154 19 13 157
IDX10	22 27 45 68 56 45 94 68 45 83
IDX10	94 45 59 83 45 47 59 59 70 83
IDX10	83 96 94 94 80 68 49 55 67 67
IDX10	61 49 40 44 54 54 48 40 42 46
IDX10	44 44 40 42 52 58 46 46 42 52
IDX10	63 69 57 57 51 63 79 85 69 69
IDX10	63 79 89 97 84 84 78 89 87 95
IDX10	97 97 89 87 76 82 95 95 87 76
IDX10	61 67 81 81 75 61 60 41 50 60
IDX10	53 41 60 77 53 60 86 77 60 74
IDX10	86 86 88 77 77 62 53 53 43 41
IDX10	121 123 73 73 71 121 64 65 115 115
IDX10	114 64 66 72 122 122 116 66 99 125
IDX10	110 99 144 125 99 137 144 99 113 137
IDX10	99 101 113 113 127 137 137 146 144 144
IDX10	134 125 103 109 124 124 118 103 90 98
IDX10	108 108 102 90 92 100 98 98 90 92
IDX10	33 168 162 27 162 157 120 126 111 111
IDX10	105 120 133 139 126 126 120 133 143 147
IDX10	138 138 132 143 141 145 147 147 143 141
IDX10	130 136 145 145 141 130 118 124 135 135
IDX10	129 118 117 91 104 117 107 91 117 131
IDX10	107 117 140 131 117 128 140 140 142 131
IDX10	131 119 107 182 170 151 1 4 14 14
IDX10	16 1 6 9 3 3 0 6 37 35
IDX10	11 11 8 37 15 5 10 10 34 15
IDX10	17 36 7 7 2 17 179 176 150 150
IDX10	152 179 187 184 178 178 181 187 173 171
IDX10	183 183 186 173 151 177 182 175 163 169
IDX10	153 172 185 185 180 153 31 28 38 31
IDX10	18 28 31 21 18 31 26 21 21 12
IDX10	18 18 24 28 161 156 149 175 149 163
IDX10	175 161 149 175 166 161 149 159 163 167
IDX	32
IDX	39
IDX	39
IDX	174
IDX	167
IDX	162
IDX	27
IDX	33

ATTR_no_blend

TRIS	0 378
