I
800	# Converted by FS2XPlane 3.26
OBJ

# file GSEGA4.bgl

TEXTURE		cargopallet.dds
TEXTURE_LIT	cargopallet_LIT.dds
POINT_COUNTS	390 0 0 702

VT	-119.364    0.000  116.976	-0.883  0.000  0.469	0.2311 0.5178
VT	-119.364    0.000  116.976	-0.469  0.000 -0.883	0.3823 0.6894
VT	-119.364    0.628  116.976	-0.883  0.000  0.469	0.2311 0.5663
VT	-119.364    0.628  116.976	-0.469  0.000 -0.883	0.3823 0.7368
VT	-119.364    2.000  116.976	-0.883  0.000  0.469	0.2311 0.6720
VT	-119.364    2.000  116.976	-0.469  0.000 -0.883	0.3823 0.8403
VT	-119.364    2.000  116.976	 0.000  1.000 -0.000	0.2382 0.8467
VT	-118.336    0.000  118.916	-0.883  0.000  0.469	0.0619 0.5178
VT	-118.336    0.000  118.916	 0.323 -0.726  0.607	0.3881 0.6950
VT	-118.024    0.628  119.500	-0.883  0.000  0.469	0.0107 0.5663
VT	-118.024    0.628  119.500	 0.323 -0.726  0.607	0.4682 0.6950
VT	-118.024    0.628  119.500	 0.469  0.000  0.883	0.2381 0.5826
VT	-118.024    2.000  119.500	-0.883  0.000  0.469	0.0107 0.6720
VT	-118.024    2.000  119.500	 0.000  1.000 -0.000	0.4636 0.8467
VT	-118.024    2.000  119.500	 0.469  0.000  0.883	0.2381 0.6852
VT	-117.688    0.000  116.084	-0.469  0.000 -0.883	0.2389 0.6894
VT	-117.688    0.000  116.084	 0.883  0.000 -0.469	0.2311 0.0348
VT	-117.688    0.628  116.084	-0.469  0.000 -0.883	0.2389 0.7368
VT	-117.688    0.628  116.084	 0.883  0.000 -0.469	0.2311 0.0832
VT	-117.688    2.000  116.084	-0.469  0.000 -0.883	0.2389 0.8403
VT	-117.688    2.000  116.084	 0.000  1.000 -0.000	0.2382 0.9920
VT	-117.688    2.000  116.084	 0.883  0.000 -0.469	0.2311 0.1889
VT	-117.372    0.000  121.656	-0.766  0.000 -0.643	0.3823 0.6894
VT	-117.372    0.000  121.656	-0.643  0.000  0.766	0.2311 0.5178
VT	-117.372    0.628  121.656	-0.766  0.000 -0.643	0.3823 0.7368
VT	-117.372    0.628  121.656	-0.643  0.000  0.766	0.2311 0.5663
VT	-117.372    2.000  121.656	-0.766  0.000 -0.643	0.3823 0.8403
VT	-117.372    2.000  121.656	-0.643  0.000  0.766	0.2311 0.6720
VT	-117.372    2.000  121.656	 0.000  1.000 -0.000	0.2382 0.8467
VT	-116.656    0.000  118.024	 0.323 -0.726  0.607	0.3881 0.8404
VT	-116.656    0.000  118.024	 0.883  0.000 -0.469	0.0619 0.0348
VT	-116.344    0.628  118.608	 0.323 -0.726  0.607	0.4682 0.8404
VT	-116.344    0.628  118.608	 0.469  0.000  0.883	0.3832 0.5826
VT	-116.344    0.628  118.608	 0.883  0.000 -0.469	0.0107 0.0832
VT	-116.344    2.000  118.608	 0.000  1.000 -0.000	0.4636 0.9920
VT	-116.344    2.000  118.608	 0.469  0.000  0.883	0.3832 0.6852
VT	-116.344    2.000  118.608	 0.883  0.000 -0.469	0.0107 0.1889
VT	-116.152    0.000  120.200	-0.766  0.000 -0.643	0.2389 0.6894
VT	-116.152    0.000  120.200	 0.643  0.000 -0.766	0.2311 0.1945
VT	-116.152    0.628  120.200	-0.766  0.000 -0.643	0.2389 0.7368
VT	-116.152    0.628  120.200	 0.643  0.000 -0.766	0.2311 0.2430
VT	-116.152    2.000  120.200	-0.766  0.000 -0.643	0.2389 0.8403
VT	-116.152    2.000  120.200	 0.000  1.000 -0.000	0.2382 0.9920
VT	-116.152    2.000  120.200	 0.643  0.000 -0.766	0.2311 0.3487
VT	-115.816    0.000  126.044	-0.951  0.000  0.309	0.2311 0.5178
VT	-115.816    0.000  126.044	-0.309  0.000 -0.951	0.3823 0.6894
VT	-115.816    0.628  126.044	-0.951  0.000  0.309	0.2311 0.5663
VT	-115.816    0.628  126.044	-0.309  0.000 -0.951	0.3823 0.7368
VT	-115.816    2.000  126.044	-0.951  0.000  0.309	0.2311 0.6720
VT	-115.816    2.000  126.044	-0.309  0.000 -0.951	0.3823 0.8403
VT	-115.816    2.000  126.044	 0.000  1.000 -0.000	0.2382 0.8467
VT	-115.692    0.000  123.068	-0.643  0.000  0.766	0.0619 0.5178
VT	-115.692    0.000  123.068	 0.527 -0.726  0.442	0.3881 0.6950
VT	-115.184    0.628  123.496	-0.643  0.000  0.766	0.0107 0.5663
VT	-115.184    0.628  123.496	 0.527 -0.726  0.442	0.4682 0.6950
VT	-115.184    0.628  123.496	 0.766  0.000  0.643	0.2381 0.5826
VT	-115.184    2.000  123.496	-0.643  0.000  0.766	0.0107 0.6720
VT	-115.184    2.000  123.496	 0.000  1.000 -0.000	0.4636 0.8467
VT	-115.184    2.000  123.496	 0.766  0.000  0.643	0.2381 0.6852
VT	-115.136    0.000  128.132	-0.951  0.000  0.309	0.0619 0.5178
VT	-115.136    0.000  128.132	 0.212 -0.726  0.654	0.3881 0.6950
VT	-114.932    0.628  128.764	-0.951  0.000  0.309	0.0107 0.5663
VT	-114.932    0.628  128.764	 0.212 -0.726  0.654	0.4682 0.6950
VT	-114.932    0.628  128.764	 0.309  0.000  0.951	0.2381 0.5826
VT	-114.932    2.000  128.764	-0.951  0.000  0.309	0.0107 0.6720
VT	-114.932    2.000  128.764	 0.000  1.000 -0.000	0.4636 0.8467
VT	-114.932    2.000  128.764	 0.309  0.000  0.951	0.2381 0.6852
VT	-114.700    0.000  114.700	-0.968  0.000  0.250	0.2311 0.5178
VT	-114.700    0.000  114.700	-0.250  0.000 -0.968	0.3823 0.6894
VT	-114.700    0.628  114.700	-0.968  0.000  0.250	0.2311 0.5663
VT	-114.700    0.628  114.700	-0.250  0.000 -0.968	0.3823 0.7368
VT	-114.700    2.000  114.700	-0.968  0.000  0.250	0.2311 0.6720
VT	-114.700    2.000  114.700	-0.250  0.000 -0.968	0.3823 0.8403
VT	-114.700    2.000  114.700	 0.000  1.000 -0.000	0.2382 0.8467
VT	-114.468    0.000  121.612	 0.527 -0.726  0.442	0.3881 0.8404
VT	-114.468    0.000  121.612	 0.643  0.000 -0.766	0.0619 0.1945
VT	-114.148    0.000  116.828	-0.968  0.000  0.250	0.0619 0.5178
VT	-114.148    0.000  116.828	 0.172 -0.726  0.665	0.3881 0.6950
VT	-114.008    0.000  125.456	-0.309  0.000 -0.951	0.2389 0.6894
VT	-114.008    0.000  125.456	 0.951  0.000 -0.309	0.6967 0.5176
VT	-114.008    0.628  125.456	-0.309  0.000 -0.951	0.2389 0.7368
VT	-114.008    0.628  125.456	 0.951  0.000 -0.309	0.6967 0.5661
VT	-114.008    2.000  125.456	-0.309  0.000 -0.951	0.2389 0.8403
VT	-114.008    2.000  125.456	 0.000  1.000 -0.000	0.2382 0.9920
VT	-114.008    2.000  125.456	 0.951  0.000 -0.309	0.6967 0.6718
VT	-113.984    0.628  117.472	-0.968  0.000  0.250	0.0107 0.5663
VT	-113.984    0.628  117.472	 0.172 -0.726  0.665	0.4682 0.6950
VT	-113.984    0.628  117.472	 0.250  0.000  0.968	0.2381 0.5826
VT	-113.984    2.000  117.472	-0.968  0.000  0.250	0.0107 0.6720
VT	-113.984    2.000  117.472	 0.000  1.000 -0.000	0.4636 0.8467
VT	-113.984    2.000  117.472	 0.250  0.000  0.968	0.2381 0.6852
VT	-113.960    0.628  122.040	 0.527 -0.726  0.442	0.4682 0.8404
VT	-113.960    0.628  122.040	 0.643  0.000 -0.766	0.0107 0.2430
VT	-113.960    0.628  122.040	 0.766  0.000  0.643	0.3832 0.5826
VT	-113.960    2.000  122.040	 0.000  1.000 -0.000	0.4636 0.9920
VT	-113.960    2.000  122.040	 0.643  0.000 -0.766	0.0107 0.3487
VT	-113.960    2.000  122.040	 0.766  0.000  0.643	0.3832 0.6852
VT	-113.328    0.000  127.544	 0.212 -0.726  0.654	0.3881 0.8404
VT	-113.328    0.000  127.544	 0.951  0.000 -0.309	0.5275 0.5176
VT	-113.124    0.628  128.176	 0.212 -0.726  0.654	0.4682 0.8404
VT	-113.124    0.628  128.176	 0.309  0.000  0.951	0.3832 0.5826
VT	-113.124    0.628  128.176	 0.951  0.000 -0.309	0.4763 0.5661
VT	-113.124    2.000  128.176	 0.000  1.000 -0.000	0.4636 0.9920
VT	-113.124    2.000  128.176	 0.309  0.000  0.951	0.3832 0.6852
VT	-113.124    2.000  128.176	 0.951  0.000 -0.309	0.4763 0.6718
VT	-112.860    0.000  114.224	-0.250  0.000 -0.968	0.2389 0.6894
VT	-112.860    0.000  114.224	 0.968  0.000 -0.250	0.2311 0.3535
VT	-112.860    0.628  114.224	-0.250  0.000 -0.968	0.2389 0.7368
VT	-112.860    0.628  114.224	 0.968  0.000 -0.250	0.2311 0.4020
VT	-112.860    2.000  114.224	-0.250  0.000 -0.968	0.2389 0.8403
VT	-112.860    2.000  114.224	 0.000  1.000 -0.000	0.2382 0.9920
VT	-112.860    2.000  114.224	 0.968  0.000 -0.250	0.2311 0.5077
VT	-112.708    0.000  130.188	-0.903  0.000  0.431	0.2311 0.5178
VT	-112.708    0.000  130.188	-0.431  0.000 -0.903	0.3823 0.6894
VT	-112.708    0.628  130.188	-0.903  0.000  0.431	0.2311 0.5663
VT	-112.708    0.628  130.188	-0.431  0.000 -0.903	0.3823 0.7368
VT	-112.708    2.000  130.188	-0.903  0.000  0.431	0.2311 0.6720
VT	-112.708    2.000  130.188	-0.431  0.000 -0.903	0.3823 0.8403
VT	-112.708    2.000  130.188	 0.000  1.000 -0.000	0.2382 0.8467
VT	-112.640    0.000  119.632	-0.946  0.000  0.326	0.2311 0.5178
VT	-112.640    0.000  119.632	-0.326  0.000 -0.946	0.3823 0.6894
VT	-112.640    0.628  119.632	-0.946  0.000  0.326	0.2311 0.5663
VT	-112.640    0.628  119.632	-0.326  0.000 -0.946	0.3823 0.7368
VT	-112.640    2.000  119.632	-0.946  0.000  0.326	0.2311 0.6720
VT	-112.640    2.000  119.632	-0.326  0.000 -0.946	0.3823 0.8403
VT	-112.640    2.000  119.632	 0.000  1.000 -0.000	0.2382 0.8467
VT	-112.308    0.000  116.352	 0.172 -0.726  0.665	0.3881 0.8404
VT	-112.308    0.000  116.352	 0.968  0.000 -0.250	0.0619 0.3535
VT	-112.144    0.628  116.996	 0.172 -0.726  0.665	0.4682 0.8404
VT	-112.144    0.628  116.996	 0.250  0.000  0.968	0.3832 0.5826
VT	-112.144    0.628  116.996	 0.968  0.000 -0.250	0.0107 0.4020
VT	-112.144    2.000  116.996	 0.000  1.000 -0.000	0.4636 0.9920
VT	-112.144    2.000  116.996	 0.250  0.000  0.968	0.3832 0.6852
VT	-112.144    2.000  116.996	 0.968  0.000 -0.250	0.0107 0.5077
VT	-111.924    0.000  121.708	-0.946  0.000  0.326	0.0619 0.5178
VT	-111.924    0.000  121.708	 0.224 -0.726  0.650	0.3881 0.6950
VT	-111.764    0.000  132.168	-0.903  0.000  0.431	0.0619 0.5178
VT	-111.764    0.000  132.168	 0.296 -0.726  0.620	0.3881 0.6950
VT	-111.708    0.628  122.336	-0.946  0.000  0.326	0.0107 0.5663
VT	-111.708    0.628  122.336	 0.224 -0.726  0.650	0.4682 0.6950
VT	-111.708    0.628  122.336	 0.326  0.000  0.946	0.2381 0.5826
VT	-111.708    2.000  122.336	-0.946  0.000  0.326	0.0107 0.6720
VT	-111.708    2.000  122.336	 0.000  1.000 -0.000	0.4636 0.8467
VT	-111.708    2.000  122.336	 0.326  0.000  0.946	0.2381 0.6852
VT	-111.480    0.628  132.768	-0.903  0.000  0.431	0.0107 0.5663
VT	-111.480    0.628  132.768	 0.296 -0.726  0.620	0.4682 0.6950
VT	-111.480    0.628  132.768	 0.431  0.000  0.903	0.2381 0.5826
VT	-111.480    2.000  132.768	-0.903  0.000  0.431	0.0107 0.6720
VT	-111.480    2.000  132.768	 0.000  1.000 -0.000	0.4636 0.8467
VT	-111.480    2.000  132.768	 0.431  0.000  0.903	0.2381 0.6852
VT	-110.996    0.000  129.368	-0.431  0.000 -0.903	0.2389 0.6894
VT	-110.996    0.000  129.368	 0.903  0.000 -0.431	0.6967 0.6758
VT	-110.996    0.628  129.368	-0.431  0.000 -0.903	0.2389 0.7368
VT	-110.996    0.628  129.368	 0.903  0.000 -0.431	0.6967 0.7242
VT	-110.996    2.000  129.368	-0.431  0.000 -0.903	0.2389 0.8403
VT	-110.996    2.000  129.368	 0.000  1.000 -0.000	0.2382 0.9920
VT	-110.996    2.000  129.368	 0.903  0.000 -0.431	0.6967 0.8299
VT	-110.840    0.000  119.012	-0.326  0.000 -0.946	0.2389 0.6894
VT	-110.840    0.000  119.012	 0.946  0.000 -0.326	0.6967 0.0351
VT	-110.840    0.628  119.012	-0.326  0.000 -0.946	0.2389 0.7368
VT	-110.840    0.628  119.012	 0.946  0.000 -0.326	0.6967 0.0835
VT	-110.840    2.000  119.012	-0.326  0.000 -0.946	0.2389 0.8403
VT	-110.840    2.000  119.012	 0.000  1.000 -0.000	0.2382 0.9920
VT	-110.840    2.000  119.012	 0.946  0.000 -0.326	0.6967 0.1892
VT	-110.628    0.000  124.648	-0.887  0.000  0.462	0.2311 0.5178
VT	-110.628    0.000  124.648	-0.462  0.000 -0.887	0.3823 0.6894
VT	-110.628    0.628  124.648	-0.887  0.000  0.462	0.2311 0.5663
VT	-110.628    0.628  124.648	-0.462  0.000 -0.887	0.3823 0.7368
VT	-110.628    2.000  124.648	-0.887  0.000  0.462	0.2311 0.6720
VT	-110.628    2.000  124.648	-0.462  0.000 -0.887	0.3823 0.8403
VT	-110.628    2.000  124.648	 0.000  1.000 -0.000	0.2382 0.8467
VT	-110.128    0.000  121.088	 0.224 -0.726  0.650	0.3881 0.8404
VT	-110.128    0.000  121.088	 0.946  0.000 -0.326	0.5275 0.0351
VT	-110.048    0.000  131.352	 0.296 -0.726  0.620	0.3881 0.8404
VT	-110.048    0.000  131.352	 0.903  0.000 -0.431	0.5275 0.6758
VT	-109.912    0.628  121.716	 0.224 -0.726  0.650	0.4682 0.8404
VT	-109.912    0.628  121.716	 0.326  0.000  0.946	0.3832 0.5826
VT	-109.912    0.628  121.716	 0.946  0.000 -0.326	0.4763 0.0835
VT	-109.912    2.000  121.716	 0.000  1.000 -0.000	0.4636 0.9920
VT	-109.912    2.000  121.716	 0.326  0.000  0.946	0.3832 0.6852
VT	-109.912    2.000  121.716	 0.946  0.000 -0.326	0.4763 0.1892
VT	-109.764    0.628  131.952	 0.296 -0.726  0.620	0.4682 0.8404
VT	-109.764    0.628  131.952	 0.431  0.000  0.903	0.3832 0.5826
VT	-109.764    0.628  131.952	 0.903  0.000 -0.431	0.4763 0.7242
VT	-109.764    2.000  131.952	 0.000  1.000 -0.000	0.4636 0.9920
VT	-109.764    2.000  131.952	 0.431  0.000  0.903	0.3832 0.6852
VT	-109.764    2.000  131.952	 0.903  0.000 -0.431	0.4763 0.8299
VT	-109.616    0.000  126.596	-0.887  0.000  0.462	0.0619 0.5178
VT	-109.616    0.000  126.596	 0.317 -0.726  0.610	0.3881 0.6950
VT	-109.308    0.628  127.184	-0.887  0.000  0.462	0.0107 0.5663
VT	-109.308    0.628  127.184	 0.317 -0.726  0.610	0.4682 0.6950
VT	-109.308    0.628  127.184	 0.462  0.000  0.887	0.2381 0.5826
VT	-109.308    2.000  127.184	-0.887  0.000  0.462	0.0107 0.6720
VT	-109.308    2.000  127.184	 0.000  1.000 -0.000	0.4636 0.8467
VT	-109.308    2.000  127.184	 0.462  0.000  0.887	0.2381 0.6852
VT	-109.012    0.000  117.512	-0.921  0.000  0.391	0.2311 0.5178
VT	-109.012    0.000  117.512	-0.391  0.000 -0.921	0.3823 0.6894
VT	-109.012    0.628  117.512	-0.921  0.000  0.391	0.2311 0.5663
VT	-109.012    0.628  117.512	-0.391  0.000 -0.921	0.3823 0.7368
VT	-109.012    2.000  117.512	-0.921  0.000  0.391	0.2311 0.6720
VT	-109.012    2.000  117.512	-0.391  0.000 -0.921	0.3823 0.8403
VT	-109.012    2.000  117.512	 0.000  1.000 -0.000	0.2382 0.8467
VT	-108.944    0.000  123.772	-0.462  0.000 -0.887	0.2389 0.6894
VT	-108.944    0.000  123.772	 0.887  0.000 -0.462	0.2311 0.8385
VT	-108.944    0.628  123.772	-0.462  0.000 -0.887	0.2389 0.7368
VT	-108.944    0.628  123.772	 0.887  0.000 -0.462	0.2311 0.8870
VT	-108.944    2.000  123.772	-0.462  0.000 -0.887	0.2389 0.8403
VT	-108.944    2.000  123.772	 0.000  1.000 -0.000	0.2382 0.9920
VT	-108.944    2.000  123.772	 0.887  0.000 -0.462	0.2311 0.9927
VT	-108.444    0.000  111.648	-0.961  0.000  0.276	0.2311 0.5178
VT	-108.444    0.000  111.648	-0.276  0.000 -0.961	0.3823 0.6894
VT	-108.444    0.628  111.648	-0.961  0.000  0.276	0.2311 0.5663
VT	-108.444    0.628  111.648	-0.276  0.000 -0.961	0.3823 0.7368
VT	-108.444    2.000  111.648	-0.961  0.000  0.276	0.2311 0.6720
VT	-108.444    2.000  111.648	-0.276  0.000 -0.961	0.3823 0.8403
VT	-108.444    2.000  111.648	 0.000  1.000 -0.000	0.2382 0.8467
VT	-108.152    0.000  119.532	-0.921  0.000  0.391	0.0619 0.5178
VT	-108.152    0.000  119.532	 0.269 -0.726  0.633	0.3881 0.6950
VT	-107.928    0.000  125.716	 0.317 -0.726  0.610	0.3881 0.8404
VT	-107.928    0.000  125.716	 0.887  0.000 -0.462	0.0619 0.8385
VT	-107.892    0.628  120.144	-0.921  0.000  0.391	0.0107 0.5663
VT	-107.892    0.628  120.144	 0.269 -0.726  0.633	0.4682 0.6950
VT	-107.892    0.628  120.144	 0.391  0.000  0.921	0.2381 0.5826
VT	-107.892    2.000  120.144	-0.921  0.000  0.391	0.0107 0.6720
VT	-107.892    2.000  120.144	 0.000  1.000 -0.000	0.4636 0.8467
VT	-107.892    2.000  120.144	 0.391  0.000  0.921	0.2381 0.6852
VT	-107.836    0.000  113.756	-0.961  0.000  0.276	0.0619 0.5178
VT	-107.836    0.000  113.756	 0.189 -0.726  0.661	0.3881 0.6950
VT	-107.656    0.628  114.396	-0.961  0.000  0.276	0.0107 0.5663
VT	-107.656    0.628  114.396	 0.189 -0.726  0.661	0.4682 0.6950
VT	-107.656    0.628  114.396	 0.276  0.000  0.961	0.2381 0.5826
VT	-107.656    2.000  114.396	-0.961  0.000  0.276	0.0107 0.6720
VT	-107.656    2.000  114.396	 0.000  1.000 -0.000	0.4636 0.8467
VT	-107.656    2.000  114.396	 0.276  0.000  0.961	0.2381 0.6852
VT	-107.624    0.628  126.308	 0.317 -0.726  0.610	0.4682 0.8404
VT	-107.624    0.628  126.308	 0.462  0.000  0.887	0.3832 0.5826
VT	-107.624    0.628  126.308	 0.887  0.000 -0.462	0.0107 0.8870
VT	-107.624    2.000  126.308	 0.000  1.000 -0.000	0.4636 0.9920
VT	-107.624    2.000  126.308	 0.462  0.000  0.887	0.3832 0.6852
VT	-107.624    2.000  126.308	 0.887  0.000 -0.462	0.0107 0.9927
VT	-107.260    0.000  116.768	-0.391  0.000 -0.921	0.2389 0.6894
VT	-107.260    0.000  116.768	 0.921  0.000 -0.391	0.6967 0.1938
VT	-107.260    0.628  116.768	-0.391  0.000 -0.921	0.2389 0.7368
VT	-107.260    0.628  116.768	 0.921  0.000 -0.391	0.6967 0.2423
VT	-107.260    2.000  116.768	-0.391  0.000 -0.921	0.2389 0.8403
VT	-107.260    2.000  116.768	 0.000  1.000 -0.000	0.2382 0.9920
VT	-107.260    2.000  116.768	 0.921  0.000 -0.391	0.6967 0.3480
VT	-107.228    0.000  129.568	-0.972  0.000  0.233	0.2311 0.5178
VT	-107.228    0.000  129.568	-0.233  0.000 -0.972	0.3823 0.6894
VT	-107.228    0.628  129.568	-0.972  0.000  0.233	0.2311 0.5663
VT	-107.228    0.628  129.568	-0.233  0.000 -0.972	0.3823 0.7368
VT	-107.228    2.000  129.568	-0.972  0.000  0.233	0.2311 0.6720
VT	-107.228    2.000  129.568	-0.233  0.000 -0.972	0.3823 0.8403
VT	-107.228    2.000  129.568	 0.000  1.000 -0.000	0.2382 0.8467
VT	-106.716    0.000  131.700	-0.972  0.000  0.233	0.0619 0.5178
VT	-106.716    0.000  131.700	 0.160 -0.726  0.668	0.3881 0.6950
VT	-106.616    0.000  111.124	-0.276  0.000 -0.961	0.2389 0.6894
VT	-106.616    0.000  111.124	 0.961  0.000 -0.276	0.4629 0.0355
VT	-106.616    0.628  111.124	-0.276  0.000 -0.961	0.2389 0.7368
VT	-106.616    0.628  111.124	 0.961  0.000 -0.276	0.4629 0.0840
VT	-106.616    2.000  111.124	-0.276  0.000 -0.961	0.2389 0.8403
VT	-106.616    2.000  111.124	 0.000  1.000 -0.000	0.2382 0.9920
VT	-106.616    2.000  111.124	 0.961  0.000 -0.276	0.4629 0.1897
VT	-106.560    0.628  132.348	-0.972  0.000  0.233	0.0107 0.5663
VT	-106.560    0.628  132.348	 0.160 -0.726  0.668	0.4682 0.6950
VT	-106.560    0.628  132.348	 0.233  0.000  0.972	0.2381 0.5826
VT	-106.560    2.000  132.348	-0.972  0.000  0.233	0.0107 0.6720
VT	-106.560    2.000  132.348	 0.000  1.000 -0.000	0.4636 0.8467
VT	-106.560    2.000  132.348	 0.233  0.000  0.972	0.2381 0.6852
VT	-106.404    0.000  118.792	 0.269 -0.726  0.633	0.3881 0.8404
VT	-106.404    0.000  118.792	 0.921  0.000 -0.391	0.5275 0.1938
VT	-106.144    0.628  119.400	 0.269 -0.726  0.633	0.4682 0.8404
VT	-106.144    0.628  119.400	 0.391  0.000  0.921	0.3832 0.5826
VT	-106.144    0.628  119.400	 0.921  0.000 -0.391	0.4763 0.2423
VT	-106.144    2.000  119.400	 0.000  1.000 -0.000	0.4636 0.9920
VT	-106.144    2.000  119.400	 0.391  0.000  0.921	0.3832 0.6852
VT	-106.144    2.000  119.400	 0.921  0.000 -0.391	0.4763 0.3480
VT	-106.012    0.000  113.232	 0.189 -0.726  0.661	0.3881 0.8404
VT	-106.012    0.000  113.232	 0.961  0.000 -0.276	0.2937 0.0355
VT	-105.828    0.628  113.872	 0.189 -0.726  0.661	0.4682 0.8404
VT	-105.828    0.628  113.872	 0.276  0.000  0.961	0.3832 0.5826
VT	-105.828    0.628  113.872	 0.961  0.000 -0.276	0.2425 0.0840
VT	-105.828    2.000  113.872	 0.000  1.000 -0.000	0.4636 0.9920
VT	-105.828    2.000  113.872	 0.276  0.000  0.961	0.3832 0.6852
VT	-105.828    2.000  113.872	 0.961  0.000 -0.276	0.2425 0.1897
VT	-105.824    0.000  122.300	-0.934  0.000  0.358	0.2311 0.5178
VT	-105.824    0.000  122.300	-0.358  0.000 -0.934	0.3823 0.6894
VT	-105.824    0.628  122.300	-0.934  0.000  0.358	0.2311 0.5663
VT	-105.824    0.628  122.300	-0.358  0.000 -0.934	0.3823 0.7368
VT	-105.824    2.000  122.300	-0.934  0.000  0.358	0.2311 0.6720
VT	-105.824    2.000  122.300	-0.358  0.000 -0.934	0.3823 0.8403
VT	-105.824    2.000  122.300	 0.000  1.000 -0.000	0.2382 0.8467
VT	-105.380    0.000  129.124	-0.233  0.000 -0.972	0.2389 0.6894
VT	-105.380    0.000  129.124	 0.972  0.000 -0.233	0.2311 0.6765
VT	-105.380    0.628  129.124	-0.233  0.000 -0.972	0.2389 0.7368
VT	-105.380    0.628  129.124	 0.972  0.000 -0.233	0.2311 0.7249
VT	-105.380    2.000  129.124	-0.233  0.000 -0.972	0.2389 0.8403
VT	-105.380    2.000  129.124	 0.000  1.000 -0.000	0.2382 0.9920
VT	-105.380    2.000  129.124	 0.972  0.000 -0.233	0.2311 0.8306
VT	-105.036    0.000  124.352	-0.934  0.000  0.358	0.0619 0.5178
VT	-105.036    0.000  124.352	 0.246 -0.726  0.642	0.3881 0.6950
VT	-104.864    0.000  131.256	 0.160 -0.726  0.668	0.3881 0.8404
VT	-104.864    0.000  131.256	 0.972  0.000 -0.233	0.0619 0.6765
VT	-104.800    0.628  124.972	-0.934  0.000  0.358	0.0107 0.5663
VT	-104.800    0.628  124.972	 0.246 -0.726  0.642	0.4682 0.6950
VT	-104.800    0.628  124.972	 0.358  0.000  0.934	0.2381 0.5826
VT	-104.800    2.000  124.972	-0.934  0.000  0.358	0.0107 0.6720
VT	-104.800    2.000  124.972	 0.000  1.000 -0.000	0.4636 0.8467
VT	-104.800    2.000  124.972	 0.358  0.000  0.934	0.2381 0.6852
VT	-104.712    0.628  131.904	 0.160 -0.726  0.668	0.4682 0.8404
VT	-104.712    0.628  131.904	 0.233  0.000  0.972	0.3832 0.5826
VT	-104.712    0.628  131.904	 0.972  0.000 -0.233	0.0107 0.7249
VT	-104.712    2.000  131.904	 0.000  1.000 -0.000	0.4636 0.9920
VT	-104.712    2.000  131.904	 0.233  0.000  0.972	0.3832 0.6852
VT	-104.712    2.000  131.904	 0.972  0.000 -0.233	0.0107 0.8306
VT	-104.104    0.000  116.044	-0.917  0.000  0.399	0.2311 0.5178
VT	-104.104    0.000  116.044	-0.399  0.000 -0.917	0.3823 0.6894
VT	-104.104    0.628  116.044	-0.917  0.000  0.399	0.2311 0.5663
VT	-104.104    0.628  116.044	-0.399  0.000 -0.917	0.3823 0.7368
VT	-104.104    2.000  116.044	-0.917  0.000  0.399	0.2311 0.6720
VT	-104.104    2.000  116.044	-0.399  0.000 -0.917	0.3823 0.8403
VT	-104.104    2.000  116.044	 0.000  1.000 -0.000	0.2382 0.8467
VT	-104.048    0.000  121.620	-0.358  0.000 -0.934	0.2389 0.6894
VT	-104.048    0.000  121.620	 0.934  0.000 -0.358	0.6967 0.8360
VT	-104.048    0.628  121.620	-0.358  0.000 -0.934	0.2389 0.7368
VT	-104.048    0.628  121.620	 0.934  0.000 -0.358	0.6967 0.8845
VT	-104.048    2.000  121.620	-0.358  0.000 -0.934	0.2389 0.8403
VT	-104.048    2.000  121.620	 0.000  1.000 -0.000	0.2382 0.9920
VT	-104.048    2.000  121.620	 0.934  0.000 -0.358	0.6967 0.9902
VT	-103.264    0.000  123.668	 0.246 -0.726  0.642	0.3881 0.8404
VT	-103.264    0.000  123.668	 0.934  0.000 -0.358	0.5275 0.8360
VT	-103.228    0.000  118.056	-0.917  0.000  0.399	0.0619 0.5178
VT	-103.228    0.000  118.056	 0.274 -0.726  0.630	0.3881 0.6950
VT	-103.024    0.628  124.288	 0.246 -0.726  0.642	0.4682 0.8404
VT	-103.024    0.628  124.288	 0.358  0.000  0.934	0.3832 0.5826
VT	-103.024    0.628  124.288	 0.934  0.000 -0.358	0.4763 0.8845
VT	-103.024    2.000  124.288	 0.000  1.000 -0.000	0.4636 0.9920
VT	-103.024    2.000  124.288	 0.358  0.000  0.934	0.3832 0.6852
VT	-103.024    2.000  124.288	 0.934  0.000 -0.358	0.4763 0.9902
VT	-102.960    0.628  118.664	-0.917  0.000  0.399	0.0107 0.5663
VT	-102.960    0.628  118.664	 0.274 -0.726  0.630	0.4682 0.6950
VT	-102.960    0.628  118.664	 0.399  0.000  0.917	0.2381 0.5826
VT	-102.960    2.000  118.664	-0.917  0.000  0.399	0.0107 0.6720
VT	-102.960    2.000  118.664	 0.000  1.000 -0.000	0.4636 0.8467
VT	-102.960    2.000  118.664	 0.399  0.000  0.917	0.2381 0.6852
VT	-102.360    0.000  115.284	-0.399  0.000 -0.917	0.2389 0.6894
VT	-102.360    0.000  115.284	 0.917  0.000 -0.399	0.4629 0.1943
VT	-102.360    0.628  115.284	-0.399  0.000 -0.917	0.2389 0.7368
VT	-102.360    0.628  115.284	 0.917  0.000 -0.399	0.4629 0.2427
VT	-102.360    2.000  115.284	-0.399  0.000 -0.917	0.2389 0.8403
VT	-102.360    2.000  115.284	 0.000  1.000 -0.000	0.2382 0.9920
VT	-102.360    2.000  115.284	 0.917  0.000 -0.399	0.4629 0.3484
VT	-102.192    0.000  126.408	-0.961  0.000  0.276	0.2311 0.5178
VT	-102.192    0.000  126.408	-0.276  0.000 -0.961	0.3823 0.6894
VT	-102.192    0.628  126.408	-0.961  0.000  0.276	0.2311 0.5663
VT	-102.192    0.628  126.408	-0.276  0.000 -0.961	0.3823 0.7368
VT	-102.192    2.000  126.408	-0.961  0.000  0.276	0.2311 0.6720
VT	-102.192    2.000  126.408	-0.276  0.000 -0.961	0.3823 0.8403
VT	-102.192    2.000  126.408	 0.000  1.000 -0.000	0.2382 0.8467
VT	-101.588    0.000  128.516	-0.961  0.000  0.276	0.0619 0.5178
VT	-101.588    0.000  128.516	 0.189 -0.726  0.661	0.3881 0.6950
VT	-101.484    0.000  117.296	 0.274 -0.726  0.630	0.3881 0.8404
VT	-101.484    0.000  117.296	 0.917  0.000 -0.399	0.2937 0.1943
VT	-101.404    0.628  129.156	-0.961  0.000  0.276	0.0107 0.5663
VT	-101.404    0.628  129.156	 0.189 -0.726  0.661	0.4682 0.6950
VT	-101.404    0.628  129.156	 0.276  0.000  0.961	0.2381 0.5826
VT	-101.404    2.000  129.156	-0.961  0.000  0.276	0.0107 0.6720
VT	-101.404    2.000  129.156	 0.000  1.000 -0.000	0.4636 0.8467
VT	-101.404    2.000  129.156	 0.276  0.000  0.961	0.2381 0.6852
VT	-101.220    0.628  117.908	 0.274 -0.726  0.630	0.4682 0.8404
VT	-101.220    0.628  117.908	 0.399  0.000  0.917	0.3832 0.5826
VT	-101.220    0.628  117.908	 0.917  0.000 -0.399	0.2425 0.2427
VT	-101.220    2.000  117.908	 0.000  1.000 -0.000	0.4636 0.9920
VT	-101.220    2.000  117.908	 0.399  0.000  0.917	0.3832 0.6852
VT	-101.220    2.000  117.908	 0.917  0.000 -0.399	0.2425 0.3484
VT	-100.364    0.000  125.884	-0.276  0.000 -0.961	0.2389 0.6894
VT	-100.364    0.000  125.884	 0.961  0.000 -0.276	0.4629 0.3528
VT	-100.364    0.628  125.884	-0.276  0.000 -0.961	0.2389 0.7368
VT	-100.364    0.628  125.884	 0.961  0.000 -0.276	0.4629 0.4013
VT	-100.364    2.000  125.884	-0.276  0.000 -0.961	0.2389 0.8403
VT	-100.364    2.000  125.884	 0.000  1.000 -0.000	0.2382 0.9920
VT	-100.364    2.000  125.884	 0.961  0.000 -0.276	0.4629 0.5070
VT	 -99.760    0.000  127.992	 0.189 -0.726  0.661	0.3881 0.8404
VT	 -99.760    0.000  127.992	 0.961  0.000 -0.276	0.2937 0.3528
VT	 -99.576    0.628  128.632	 0.189 -0.726  0.661	0.4682 0.8404
VT	 -99.576    0.628  128.632	 0.276  0.000  0.961	0.3832 0.5826
VT	 -99.576    0.628  128.632	 0.961  0.000 -0.276	0.2425 0.4013
VT	 -99.576    2.000  128.632	 0.000  1.000 -0.000	0.4636 0.9920
VT	 -99.576    2.000  128.632	 0.276  0.000  0.961	0.3832 0.6852
VT	 -99.576    2.000  128.632	 0.961  0.000 -0.276	0.2425 0.5070

IDX10	255 264 309 309 301 255 198 196 240 181
IDX10	173 137 137 145 181 114 144 112 114 147
IDX10	144 114 116 147 144 136 112 152 115 150
IDX10	152 117 115 152 154 117 115 113 150 183
IDX10	153 174 183 156 153 183 186 156 153 151
IDX10	174 146 149 185 185 182 146 148 118 155
IDX10	155 184 148 249 263 247 249 266 263 249
IDX10	251 266 263 254 247 294 250 292 294 252
IDX10	250 294 296 252 250 248 292 311 295 302
IDX10	311 298 295 311 314 298 295 293 302 265
IDX10	268 313 313 310 265 267 253 297 297 312
IDX10	267 159 161 124 122 120 157 261 282 232
IDX10	232 215 261 283 280 230 230 233 283 259
IDX10	257 278 281 284 262 281 262 259 281 259
IDX10	278 212 210 256 258 260 214 258 214 212
IDX10	258 212 256 228 226 209 211 213 231 211
IDX10	231 228 211 228 209 227 229 279 279 277
IDX10	227 207 237 193 193 170 207 238 235 191
IDX10	191 194 238 205 203 219 236 239 208 236
IDX10	208 205 236 205 219 167 165 202 204 206
IDX10	169 204 169 167 204 167 202 189 187 164
IDX10	166 168 192 166 192 189 166 189 164 188
IDX10	190 234 234 218 188 110 131 89 89 73
IDX10	110 132 129 87 87 90 132 108 106 127
IDX10	130 133 111 130 111 108 130 108 127 70
IDX10	68 105 107 109 72 107 72 70 107 70
IDX10	105 85 76 67 69 71 88 69 88 85
IDX10	69 85 67 77 86 128 128 126 77 42
IDX10	94 57 57 28 42 96 93 55 55 58
IDX10	96 40 38 75 92 95 43 92 43 40
IDX10	92 40 75 24 22 37 39 41 26 39
IDX10	26 24 39 24 37 53 51 23 25 27
IDX10	56 25 56 53 25 53 23 52 54 91
IDX10	91 74 52 20 34 13 13 6 20 35
IDX10	32 11 11 14 35 18 16 30 33 36
IDX10	21 33 21 18 33 18 30 3 1 15
IDX10	17 19 5 17 5 3 17 3 15 9
IDX10	7 0 2 4 12 2 12 9 2 9
IDX10	0 8 10 31 31 29 8 162 178 142
IDX10	142 125 162 179 176 140 140 143 179 160
IDX10	158 172 177 180 163 177 163 160 177 160
IDX10	172 159 124 122 159 122 157 138 134 119
IDX10	121 123 141 121 141 138 121 138 119 135
IDX10	139 175 175 171 135 245 274 224 224 201
IDX10	245 275 272 222 222 225 275 243 241 270
IDX10	273 276 246 273 246 243 273 243 270 242
IDX10	200 198 242 198 240 242 244 200 197 199
IDX10	223 197 223 220 220 216 195 217 221 271
IDX10	271 269 217 197 220 195 65 50 83 103
IDX10	100 63 83 102 65 81 79 98 101 104
IDX10	84 63 66 103 101 81 98 47 45 78
IDX10	101 84 81 80 49 47 80 47 78 80
IDX10	82 49 46 48 64 46 64 61 61 59
IDX10	44 60 62 99 99 97 60 46 61 44
IDX10	343 321 350 373 370 341 350 372 343 348
IDX10	346 362 371 374 351 341 344 373 371 348
IDX10	362 318 316 345 371 351 348 347 320 318
IDX10	347 318 345 347 349 320 317 319 342 317
IDX10	342 339 339 331 315 332 340 369 369 361
IDX10	332 317 339 315 307 291 327 337 334 305
IDX10	327 336 307 325 323 330 335 338 328 305
IDX10	308 337 335 325 330 288 286 322 335 328
IDX10	325 324 290 288 324 288 322 324 326 290
IDX10	287 289 306 287 306 303 303 299 285 300
IDX10	304 333 333 329 300 287 303 285 367 358
IDX10	380 388 385 365 380 387 367 378 376 383
IDX10	386 389 381 365 368 388 386 378 383 355
IDX10	353 375 386 381 378 377 357 355 377 355
IDX10	375 377 379 357 354 356 366 354 366 363
IDX10	363 359 352 360 364 384 384 382 360 354
IDX	363
IDX	352

ATTR_no_blend

TRIS	0 702
