I
800	# Converted by FS2XPlane 3.26
OBJ

# file GSEhajj6.bgl

TEXTURE		GSE11.dds
TEXTURE_LIT	GSE11_LIT.dds
POINT_COUNTS	320 0 0 576

VT	  37.520    0.000 -421.772	-0.903  0.000  0.431	0.8850 0.0065
VT	  37.520    0.000 -421.772	-0.357  0.559 -0.749	0.8762 0.0034
VT	  37.604    0.280 -421.600	-0.903  0.000  0.431	0.9194 0.0576
VT	  37.604    0.280 -421.600	-0.431  0.000 -0.903	0.8762 0.0570
VT	  37.604    0.280 -421.600	-0.357  0.559 -0.749	0.8762 0.0570
VT	  37.604    0.800 -421.600	-0.903  0.000  0.431	0.9194 0.1523
VT	  37.604    0.800 -421.600	-0.431  0.000 -0.903	0.8762 0.1564
VT	  37.604    0.800 -421.600	 0.000  1.000 -0.000	0.6849 0.2030
VT	  37.696    0.280 -421.400	-0.903  0.000  0.431	0.9599 0.0576
VT	  37.696    0.280 -421.400	 0.357  0.559  0.749	0.6849 0.0570
VT	  37.696    0.280 -421.400	 0.431  0.000  0.903	0.6849 0.0570
VT	  37.696    0.800 -421.400	-0.903  0.000  0.431	0.9599 0.1523
VT	  37.696    0.800 -421.400	 0.000  1.000 -0.000	0.6849 0.1614
VT	  37.696    0.800 -421.400	 0.431  0.000  0.903	0.6849 0.1564
VT	  37.780    0.000 -421.228	-0.903  0.000  0.431	0.9943 0.0065
VT	  37.780    0.000 -421.228	 0.357  0.559  0.749	0.6849 0.0034
VT	  38.424    0.000 -422.200	-0.357  0.559 -0.749	0.6849 0.0034
VT	  38.424    0.000 -422.200	 0.903  0.000 -0.431	0.9943 0.0065
VT	  38.504    0.280 -422.032	-0.431  0.000 -0.903	0.6849 0.0570
VT	  38.504    0.280 -422.032	-0.357  0.559 -0.749	0.6849 0.0570
VT	  38.504    0.280 -422.032	 0.903  0.000 -0.431	0.9599 0.0576
VT	  38.504    0.800 -422.032	-0.431  0.000 -0.903	0.6849 0.1564
VT	  38.504    0.800 -422.032	 0.000  1.000 -0.000	0.8762 0.2030
VT	  38.504    0.800 -422.032	 0.903  0.000 -0.431	0.9599 0.1523
VT	  38.600    0.280 -421.832	 0.357  0.559  0.749	0.8762 0.0570
VT	  38.600    0.280 -421.832	 0.431  0.000  0.903	0.8762 0.0570
VT	  38.600    0.280 -421.832	 0.903  0.000 -0.431	0.9194 0.0576
VT	  38.600    0.800 -421.832	 0.000  1.000 -0.000	0.8762 0.1614
VT	  38.600    0.800 -421.832	 0.431  0.000  0.903	0.8762 0.1564
VT	  38.600    0.800 -421.832	 0.903  0.000 -0.431	0.9194 0.1523
VT	  38.680    0.000 -421.660	 0.357  0.559  0.749	0.8762 0.0034
VT	  38.680    0.000 -421.660	 0.903  0.000 -0.431	0.8850 0.0065
VT	  39.240    0.000 -422.536	-0.857  0.000  0.515	0.8850 0.0065
VT	  39.240    0.000 -422.536	-0.427  0.559 -0.711	0.8762 0.0034
VT	  39.340    0.280 -422.372	-0.857  0.000  0.515	0.9194 0.0576
VT	  39.340    0.280 -422.372	-0.515  0.000 -0.857	0.8762 0.0570
VT	  39.340    0.280 -422.372	-0.427  0.559 -0.711	0.8762 0.0570
VT	  39.340    0.800 -422.372	-0.857  0.000  0.515	0.9194 0.1523
VT	  39.340    0.800 -422.372	-0.515  0.000 -0.857	0.8762 0.1564
VT	  39.340    0.800 -422.372	 0.000  1.000 -0.000	0.6849 0.2030
VT	  39.452    0.280 -422.184	-0.857  0.000  0.515	0.9599 0.0576
VT	  39.452    0.280 -422.184	 0.427  0.559  0.711	0.6849 0.0570
VT	  39.452    0.280 -422.184	 0.515  0.000  0.857	0.6849 0.0570
VT	  39.452    0.800 -422.184	-0.857  0.000  0.515	0.9599 0.1523
VT	  39.452    0.800 -422.184	 0.000  1.000 -0.000	0.6849 0.1614
VT	  39.452    0.800 -422.184	 0.515  0.000  0.857	0.6849 0.1564
VT	  39.552    0.000 -422.020	-0.857  0.000  0.515	0.9943 0.0065
VT	  39.552    0.000 -422.020	 0.427  0.559  0.711	0.6849 0.0034
VT	  40.100    0.000 -423.052	-0.427  0.559 -0.711	0.6849 0.0034
VT	  40.100    0.000 -423.052	 0.857  0.000 -0.515	0.9943 0.0065
VT	  40.196    0.280 -422.888	-0.515  0.000 -0.857	0.6849 0.0570
VT	  40.196    0.280 -422.888	-0.427  0.559 -0.711	0.6849 0.0570
VT	  40.196    0.280 -422.888	 0.857  0.000 -0.515	0.9599 0.0576
VT	  40.196    0.800 -422.888	-0.515  0.000 -0.857	0.6849 0.1564
VT	  40.196    0.800 -422.888	 0.000  1.000 -0.000	0.8762 0.2030
VT	  40.196    0.800 -422.888	 0.857  0.000 -0.515	0.9599 0.1523
VT	  40.312    0.280 -422.696	 0.427  0.559  0.711	0.8762 0.0570
VT	  40.312    0.280 -422.696	 0.515  0.000  0.857	0.8762 0.0570
VT	  40.312    0.280 -422.696	 0.857  0.000 -0.515	0.9194 0.0576
VT	  40.312    0.800 -422.696	 0.000  1.000 -0.000	0.8762 0.1614
VT	  40.312    0.800 -422.696	 0.515  0.000  0.857	0.8762 0.1564
VT	  40.312    0.800 -422.696	 0.857  0.000 -0.515	0.9194 0.1523
VT	  40.408    0.000 -422.536	 0.427  0.559  0.711	0.8762 0.0034
VT	  40.408    0.000 -422.536	 0.857  0.000 -0.515	0.8850 0.0065
VT	  41.196    0.000 -423.568	-0.883  0.000  0.469	0.8850 0.0065
VT	  41.196    0.000 -423.568	-0.389  0.559 -0.732	0.8762 0.0034
VT	  41.284    0.280 -423.404	-0.883  0.000  0.469	0.9194 0.0576
VT	  41.284    0.280 -423.404	-0.469  0.000 -0.883	0.8762 0.0570
VT	  41.284    0.280 -423.404	-0.389  0.559 -0.732	0.8762 0.0570
VT	  41.284    0.800 -423.404	-0.883  0.000  0.469	0.9194 0.1523
VT	  41.284    0.800 -423.404	-0.469  0.000 -0.883	0.8762 0.1564
VT	  41.284    0.800 -423.404	 0.000  1.000 -0.000	0.6849 0.2030
VT	  41.388    0.280 -423.208	-0.883  0.000  0.469	0.9599 0.0576
VT	  41.388    0.280 -423.208	 0.389  0.559  0.732	0.6849 0.0570
VT	  41.388    0.280 -423.208	 0.469  0.000  0.883	0.6849 0.0570
VT	  41.388    0.800 -423.208	-0.883  0.000  0.469	0.9599 0.1523
VT	  41.388    0.800 -423.208	 0.000  1.000 -0.000	0.6849 0.1614
VT	  41.388    0.800 -423.208	 0.469  0.000  0.883	0.6849 0.1564
VT	  41.480    0.000 -423.040	-0.883  0.000  0.469	0.9943 0.0065
VT	  41.480    0.000 -423.040	 0.389  0.559  0.732	0.6849 0.0034
VT	  42.080    0.000 -424.040	-0.389  0.559 -0.732	0.6849 0.0034
VT	  42.080    0.000 -424.040	 0.883  0.000 -0.469	0.9943 0.0065
VT	  42.168    0.280 -423.872	-0.469  0.000 -0.883	0.6849 0.0570
VT	  42.168    0.280 -423.872	-0.389  0.559 -0.732	0.6849 0.0570
VT	  42.168    0.280 -423.872	 0.883  0.000 -0.469	0.9599 0.0576
VT	  42.168    0.800 -423.872	-0.469  0.000 -0.883	0.6849 0.1564
VT	  42.168    0.800 -423.872	 0.000  1.000 -0.000	0.8762 0.2030
VT	  42.168    0.800 -423.872	 0.883  0.000 -0.469	0.9599 0.1523
VT	  42.272    0.280 -423.676	 0.389  0.559  0.732	0.8762 0.0570
VT	  42.272    0.280 -423.676	 0.469  0.000  0.883	0.8762 0.0570
VT	  42.272    0.280 -423.676	 0.883  0.000 -0.469	0.9194 0.0576
VT	  42.272    0.800 -423.676	 0.000  1.000 -0.000	0.8762 0.1614
VT	  42.272    0.800 -423.676	 0.469  0.000  0.883	0.8762 0.1564
VT	  42.272    0.800 -423.676	 0.883  0.000 -0.469	0.9194 0.1523
VT	  42.360    0.000 -423.508	 0.389  0.559  0.732	0.8762 0.0034
VT	  42.360    0.000 -423.508	 0.883  0.000 -0.469	0.8850 0.0065
VT	  45.956    0.000 -425.972	-0.934  0.000  0.358	0.8850 0.0065
VT	  45.956    0.000 -425.972	-0.297  0.559 -0.774	0.8762 0.0034
VT	  46.024    0.280 -425.796	-0.934  0.000  0.358	0.9194 0.0576
VT	  46.024    0.280 -425.796	-0.358  0.000 -0.934	0.8762 0.0570
VT	  46.024    0.280 -425.796	-0.297  0.559 -0.774	0.8762 0.0570
VT	  46.024    0.800 -425.796	-0.934  0.000  0.358	0.9194 0.1523
VT	  46.024    0.800 -425.796	-0.358  0.000 -0.934	0.8762 0.1564
VT	  46.024    0.800 -425.796	 0.000  1.000 -0.000	0.6849 0.2030
VT	  46.104    0.280 -425.592	-0.934  0.000  0.358	0.9599 0.0576
VT	  46.104    0.280 -425.592	 0.297  0.559  0.774	0.6849 0.0570
VT	  46.104    0.280 -425.592	 0.358  0.000  0.934	0.6849 0.0570
VT	  46.104    0.800 -425.592	-0.934  0.000  0.358	0.9599 0.1523
VT	  46.104    0.800 -425.592	 0.000  1.000 -0.000	0.6849 0.1614
VT	  46.104    0.800 -425.592	 0.358  0.000  0.934	0.6849 0.1564
VT	  46.172    0.000 -425.412	-0.934  0.000  0.358	0.9943 0.0065
VT	  46.172    0.000 -425.412	 0.297  0.559  0.774	0.6849 0.0034
VT	  46.888    0.000 -426.332	-0.297  0.559 -0.774	0.6849 0.0034
VT	  46.888    0.000 -426.332	 0.934  0.000 -0.358	0.9943 0.0065
VT	  46.956    0.280 -426.156	-0.358  0.000 -0.934	0.6849 0.0570
VT	  46.956    0.280 -426.156	-0.297  0.559 -0.774	0.6849 0.0570
VT	  46.956    0.280 -426.156	 0.934  0.000 -0.358	0.9599 0.0576
VT	  46.956    0.800 -426.156	-0.358  0.000 -0.934	0.6849 0.1564
VT	  46.956    0.800 -426.156	 0.000  1.000 -0.000	0.8762 0.2030
VT	  46.956    0.800 -426.156	 0.934  0.000 -0.358	0.9599 0.1523
VT	  47.036    0.280 -425.948	 0.297  0.559  0.774	0.8762 0.0570
VT	  47.036    0.280 -425.948	 0.358  0.000  0.934	0.8762 0.0570
VT	  47.036    0.280 -425.948	 0.934  0.000 -0.358	0.9194 0.0576
VT	  47.036    0.800 -425.948	 0.000  1.000 -0.000	0.8762 0.1614
VT	  47.036    0.800 -425.948	 0.358  0.000  0.934	0.8762 0.1564
VT	  47.036    0.800 -425.948	 0.934  0.000 -0.358	0.9194 0.1523
VT	  47.104    0.000 -425.772	 0.297  0.559  0.774	0.8762 0.0034
VT	  47.104    0.000 -425.772	 0.934  0.000 -0.358	0.8850 0.0065
VT	  48.736    0.000 -426.912	-0.799  0.000  0.602	0.8850 0.0065
VT	  48.736    0.000 -426.912	-0.499  0.559 -0.662	0.8762 0.0034
VT	  48.848    0.280 -426.760	-0.799  0.000  0.602	0.9194 0.0576
VT	  48.848    0.280 -426.760	-0.602  0.000 -0.799	0.8762 0.0570
VT	  48.848    0.280 -426.760	-0.499  0.559 -0.662	0.8762 0.0570
VT	  48.848    0.800 -426.760	-0.799  0.000  0.602	0.9194 0.1523
VT	  48.848    0.800 -426.760	-0.602  0.000 -0.799	0.8762 0.1564
VT	  48.848    0.800 -426.760	 0.000  1.000 -0.000	0.6849 0.2030
VT	  48.984    0.280 -426.584	-0.799  0.000  0.602	0.9599 0.0576
VT	  48.984    0.280 -426.584	 0.499  0.559  0.662	0.6849 0.0570
VT	  48.984    0.280 -426.584	 0.602  0.000  0.799	0.6849 0.0570
VT	  48.984    0.800 -426.584	-0.799  0.000  0.602	0.9599 0.1523
VT	  48.984    0.800 -426.584	 0.000  1.000 -0.000	0.6849 0.1614
VT	  48.984    0.800 -426.584	 0.602  0.000  0.799	0.6849 0.1564
VT	  49.096    0.000 -426.432	-0.799  0.000  0.602	0.9943 0.0065
VT	  49.096    0.000 -426.432	 0.499  0.559  0.662	0.6849 0.0034
VT	  49.536    0.000 -427.512	-0.499  0.559 -0.662	0.6849 0.0034
VT	  49.536    0.000 -427.512	 0.799  0.000 -0.602	0.9943 0.0065
VT	  49.648    0.280 -427.364	-0.602  0.000 -0.799	0.6849 0.0570
VT	  49.648    0.280 -427.364	-0.499  0.559 -0.662	0.6849 0.0570
VT	  49.648    0.280 -427.364	 0.799  0.000 -0.602	0.9599 0.0576
VT	  49.648    0.800 -427.364	-0.602  0.000 -0.799	0.6849 0.1564
VT	  49.648    0.800 -427.364	 0.000  1.000 -0.000	0.8762 0.2030
VT	  49.648    0.800 -427.364	 0.799  0.000 -0.602	0.9599 0.1523
VT	  49.780    0.280 -427.184	 0.499  0.559  0.662	0.8762 0.0570
VT	  49.780    0.280 -427.184	 0.602  0.000  0.799	0.8762 0.0570
VT	  49.780    0.280 -427.184	 0.799  0.000 -0.602	0.9194 0.0576
VT	  49.780    0.800 -427.184	 0.000  1.000 -0.000	0.8762 0.1614
VT	  49.780    0.800 -427.184	 0.602  0.000  0.799	0.8762 0.1564
VT	  49.780    0.800 -427.184	 0.799  0.000 -0.602	0.9194 0.1523
VT	  49.896    0.000 -427.036	 0.499  0.559  0.662	0.8762 0.0034
VT	  49.896    0.000 -427.036	 0.799  0.000 -0.602	0.8850 0.0065
VT	  52.852    0.000 -429.104	-0.788  0.000  0.616	0.8850 0.0065
VT	  52.852    0.000 -429.104	-0.511  0.559 -0.654	0.8762 0.0034
VT	  52.968    0.280 -428.956	-0.788  0.000  0.616	0.9194 0.0576
VT	  52.968    0.280 -428.956	-0.616  0.000 -0.788	0.8762 0.0570
VT	  52.968    0.280 -428.956	-0.511  0.559 -0.654	0.8762 0.0570
VT	  52.968    0.800 -428.956	-0.788  0.000  0.616	0.9194 0.1523
VT	  52.968    0.800 -428.956	-0.616  0.000 -0.788	0.8762 0.1564
VT	  52.968    0.800 -428.956	 0.000  1.000 -0.000	0.6849 0.2030
VT	  53.108    0.280 -428.780	-0.788  0.000  0.616	0.9599 0.0576
VT	  53.108    0.280 -428.780	 0.511  0.559  0.654	0.6849 0.0570
VT	  53.108    0.280 -428.780	 0.616  0.000  0.788	0.6849 0.0570
VT	  53.108    0.800 -428.780	-0.788  0.000  0.616	0.9599 0.1523
VT	  53.108    0.800 -428.780	 0.000  1.000 -0.000	0.6849 0.1614
VT	  53.108    0.800 -428.780	 0.616  0.000  0.788	0.6849 0.1564
VT	  53.224    0.000 -428.632	-0.788  0.000  0.616	0.9943 0.0065
VT	  53.224    0.000 -428.632	 0.511  0.559  0.654	0.6849 0.0034
VT	  53.640    0.000 -429.720	-0.511  0.559 -0.654	0.6849 0.0034
VT	  53.640    0.000 -429.720	 0.788  0.000 -0.616	0.9943 0.0065
VT	  53.756    0.280 -429.572	-0.616  0.000 -0.788	0.6849 0.0570
VT	  53.756    0.280 -429.572	-0.511  0.559 -0.654	0.6849 0.0570
VT	  53.756    0.280 -429.572	 0.788  0.000 -0.616	0.9599 0.0576
VT	  53.756    0.800 -429.572	-0.616  0.000 -0.788	0.6849 0.1564
VT	  53.756    0.800 -429.572	 0.000  1.000 -0.000	0.8762 0.2030
VT	  53.756    0.800 -429.572	 0.788  0.000 -0.616	0.9599 0.1523
VT	  53.896    0.280 -429.396	 0.511  0.559  0.654	0.8762 0.0570
VT	  53.896    0.280 -429.396	 0.616  0.000  0.788	0.8762 0.0570
VT	  53.896    0.280 -429.396	 0.788  0.000 -0.616	0.9194 0.0576
VT	  53.896    0.800 -429.396	 0.000  1.000 -0.000	0.8762 0.1614
VT	  53.896    0.800 -429.396	 0.616  0.000  0.788	0.8762 0.1564
VT	  53.896    0.800 -429.396	 0.788  0.000 -0.616	0.9194 0.1523
VT	  54.012    0.000 -429.248	 0.511  0.559  0.654	0.8762 0.0034
VT	  54.012    0.000 -429.248	 0.788  0.000 -0.616	0.8850 0.0065
VT	  55.296    0.000 -430.164	-0.966  0.000  0.259	0.8850 0.0065
VT	  55.296    0.000 -430.164	-0.215  0.559 -0.801	0.8762 0.0034
VT	  55.344    0.280 -429.980	-0.966  0.000  0.259	0.9194 0.0576
VT	  55.344    0.280 -429.980	-0.259  0.000 -0.966	0.8762 0.0570
VT	  55.344    0.280 -429.980	-0.215  0.559 -0.801	0.8762 0.0570
VT	  55.344    0.800 -429.980	-0.966  0.000  0.259	0.9194 0.1523
VT	  55.344    0.800 -429.980	-0.259  0.000 -0.966	0.8762 0.1564
VT	  55.344    0.800 -429.980	 0.000  1.000 -0.000	0.6849 0.2030
VT	  55.400    0.280 -429.764	-0.966  0.000  0.259	0.9599 0.0576
VT	  55.400    0.280 -429.764	 0.215  0.559  0.801	0.6849 0.0570
VT	  55.400    0.280 -429.764	 0.259  0.000  0.966	0.6849 0.0570
VT	  55.400    0.800 -429.764	-0.966  0.000  0.259	0.9599 0.1523
VT	  55.400    0.800 -429.764	 0.000  1.000 -0.000	0.6849 0.1614
VT	  55.400    0.800 -429.764	 0.259  0.000  0.966	0.6849 0.1564
VT	  55.452    0.000 -429.584	-0.966  0.000  0.259	0.9943 0.0065
VT	  55.452    0.000 -429.584	 0.215  0.559  0.801	0.6849 0.0034
VT	  56.260    0.000 -430.420	-0.215  0.559 -0.801	0.6849 0.0034
VT	  56.260    0.000 -430.420	 0.966  0.000 -0.259	0.9943 0.0065
VT	  56.308    0.280 -430.240	-0.259  0.000 -0.966	0.6849 0.0570
VT	  56.308    0.280 -430.240	-0.215  0.559 -0.801	0.6849 0.0570
VT	  56.308    0.280 -430.240	 0.966  0.000 -0.259	0.9599 0.0576
VT	  56.308    0.800 -430.240	-0.259  0.000 -0.966	0.6849 0.1564
VT	  56.308    0.800 -430.240	 0.000  1.000 -0.000	0.8762 0.2030
VT	  56.308    0.800 -430.240	 0.966  0.000 -0.259	0.9599 0.1523
VT	  56.368    0.280 -430.024	 0.215  0.559  0.801	0.8762 0.0570
VT	  56.368    0.280 -430.024	 0.259  0.000  0.966	0.8762 0.0570
VT	  56.368    0.280 -430.024	 0.966  0.000 -0.259	0.9194 0.0576
VT	  56.368    0.800 -430.024	 0.000  1.000 -0.000	0.8762 0.1614
VT	  56.368    0.800 -430.024	 0.259  0.000  0.966	0.8762 0.1564
VT	  56.368    0.800 -430.024	 0.966  0.000 -0.259	0.9194 0.1523
VT	  56.416    0.000 -429.840	 0.215  0.559  0.801	0.8762 0.0034
VT	  56.416    0.000 -429.840	 0.966  0.000 -0.259	0.8850 0.0065
VT	  62.976    0.000 -416.464	-0.973  0.190  0.134	0.6419 0.0031
VT	  63.032    0.000 -416.604	-0.783  0.190 -0.593	0.6144 0.0031
VT	  63.032    0.000 -416.604	-0.783  0.190 -0.593	0.6694 0.0031
VT	  63.032    0.000 -416.320	-0.593  0.190  0.783	0.6144 0.0031
VT	  63.032    0.000 -416.320	-0.593  0.190  0.783	0.6694 0.0031
VT	  63.132    0.800 -416.464	-0.973  0.190 -0.134	0.6419 0.1586
VT	  63.132    0.800 -416.464	 0.000  1.000 -0.000	0.6328 0.1719
VT	  63.144    0.800 -416.496	-0.593  0.190 -0.783	0.6359 0.1586
VT	  63.144    0.800 -416.496	-0.593  0.190 -0.783	0.6479 0.1586
VT	  63.144    0.800 -416.496	 0.000  1.000 -0.000	0.6351 0.1774
VT	  63.144    0.800 -416.432	-0.783  0.190  0.593	0.6359 0.1586
VT	  63.144    0.800 -416.432	-0.783  0.190  0.593	0.6479 0.1586
VT	  63.144    0.800 -416.432	 0.000  1.000 -0.000	0.6351 0.1664
VT	  63.176    0.000 -416.664	-0.134  0.190 -0.973	0.6419 0.0031
VT	  63.176    0.000 -416.264	 0.134  0.190  0.973	0.6419 0.0031
VT	  63.176    0.800 -416.508	 0.000  1.000 -0.000	0.6406 0.1797
VT	  63.176    0.800 -416.508	 0.134  0.190 -0.973	0.6419 0.1586
VT	  63.176    0.800 -416.420	-0.134  0.190  0.973	0.6419 0.1586
VT	  63.176    0.800 -416.420	 0.000  1.000 -0.000	0.6406 0.1641
VT	  63.204    0.800 -416.496	 0.000  1.000 -0.000	0.6462 0.1774
VT	  63.204    0.800 -416.496	 0.783  0.190 -0.593	0.6359 0.1586
VT	  63.204    0.800 -416.496	 0.783  0.190 -0.593	0.6479 0.1586
VT	  63.204    0.800 -416.432	 0.000  1.000 -0.000	0.6462 0.1664
VT	  63.204    0.800 -416.432	 0.593  0.190  0.783	0.6359 0.1586
VT	  63.204    0.800 -416.432	 0.593  0.190  0.783	0.6479 0.1586
VT	  63.220    0.800 -416.464	 0.000  1.000 -0.000	0.6484 0.1719
VT	  63.220    0.800 -416.464	 0.973  0.190  0.134	0.6419 0.1586
VT	  63.316    0.000 -416.604	 0.593  0.190 -0.783	0.6144 0.0031
VT	  63.316    0.000 -416.604	 0.593  0.190 -0.783	0.6694 0.0031
VT	  63.316    0.000 -416.320	 0.783  0.190  0.593	0.6144 0.0031
VT	  63.316    0.000 -416.320	 0.783  0.190  0.593	0.6694 0.0031
VT	  63.376    0.000 -416.464	 0.973  0.190 -0.134	0.6419 0.0031
VT	 102.784    0.000 -350.932	-0.973  0.190  0.134	0.6419 0.0031
VT	 102.840    0.000 -351.076	-0.783  0.190 -0.593	0.6144 0.0031
VT	 102.840    0.000 -351.076	-0.783  0.190 -0.593	0.6694 0.0031
VT	 102.840    0.000 -350.792	-0.593  0.190  0.783	0.6144 0.0031
VT	 102.840    0.000 -350.792	-0.593  0.190  0.783	0.6694 0.0031
VT	 102.940    0.800 -350.932	-0.973  0.190 -0.134	0.6419 0.1586
VT	 102.940    0.800 -350.932	 0.000  1.000 -0.000	0.6328 0.1719
VT	 102.952    0.800 -350.964	-0.593  0.190 -0.783	0.6359 0.1586
VT	 102.952    0.800 -350.964	-0.593  0.190 -0.783	0.6479 0.1586
VT	 102.952    0.800 -350.964	 0.000  1.000 -0.000	0.6351 0.1774
VT	 102.952    0.800 -350.900	-0.783  0.190  0.593	0.6359 0.1586
VT	 102.952    0.800 -350.900	-0.783  0.190  0.593	0.6479 0.1586
VT	 102.952    0.800 -350.900	 0.000  1.000 -0.000	0.6351 0.1664
VT	 102.984    0.000 -351.132	-0.134  0.190 -0.973	0.6419 0.0031
VT	 102.984    0.000 -350.732	 0.134  0.190  0.973	0.6419 0.0031
VT	 102.984    0.800 -350.976	 0.000  1.000 -0.000	0.6406 0.1797
VT	 102.984    0.800 -350.976	 0.134  0.190 -0.973	0.6419 0.1586
VT	 102.984    0.800 -350.888	-0.134  0.190  0.973	0.6419 0.1586
VT	 102.984    0.800 -350.888	 0.000  1.000 -0.000	0.6406 0.1641
VT	 103.012    0.800 -350.964	 0.000  1.000 -0.000	0.6462 0.1774
VT	 103.012    0.800 -350.964	 0.783  0.190 -0.593	0.6359 0.1586
VT	 103.012    0.800 -350.964	 0.783  0.190 -0.593	0.6479 0.1586
VT	 103.012    0.800 -350.900	 0.000  1.000 -0.000	0.6462 0.1664
VT	 103.012    0.800 -350.900	 0.593  0.190  0.783	0.6359 0.1586
VT	 103.012    0.800 -350.900	 0.593  0.190  0.783	0.6479 0.1586
VT	 103.028    0.800 -350.932	 0.000  1.000 -0.000	0.6484 0.1719
VT	 103.028    0.800 -350.932	 0.973  0.190  0.134	0.6419 0.1586
VT	 103.124    0.000 -351.076	 0.593  0.190 -0.783	0.6144 0.0031
VT	 103.124    0.000 -351.076	 0.593  0.190 -0.783	0.6694 0.0031
VT	 103.124    0.000 -350.792	 0.783  0.190  0.593	0.6144 0.0031
VT	 103.124    0.000 -350.792	 0.783  0.190  0.593	0.6694 0.0031
VT	 103.184    0.000 -350.932	 0.973  0.190 -0.134	0.6419 0.0031
VT	 107.124    0.000 -339.200	-0.973  0.190  0.134	0.6419 0.0031
VT	 107.184    0.000 -339.340	-0.783  0.190 -0.593	0.6144 0.0031
VT	 107.184    0.000 -339.340	-0.783  0.190 -0.593	0.6694 0.0031
VT	 107.184    0.000 -339.056	-0.593  0.190  0.783	0.6144 0.0031
VT	 107.184    0.000 -339.056	-0.593  0.190  0.783	0.6694 0.0031
VT	 107.280    0.800 -339.200	-0.973  0.190 -0.134	0.6419 0.1586
VT	 107.280    0.800 -339.200	 0.000  1.000 -0.000	0.6328 0.1719
VT	 107.292    0.800 -339.228	-0.593  0.190 -0.783	0.6359 0.1586
VT	 107.292    0.800 -339.228	-0.593  0.190 -0.783	0.6479 0.1586
VT	 107.292    0.800 -339.228	 0.000  1.000 -0.000	0.6351 0.1774
VT	 107.292    0.800 -339.168	-0.783  0.190  0.593	0.6359 0.1586
VT	 107.292    0.800 -339.168	-0.783  0.190  0.593	0.6479 0.1586
VT	 107.292    0.800 -339.168	 0.000  1.000 -0.000	0.6351 0.1664
VT	 107.324    0.000 -339.400	-0.134  0.190 -0.973	0.6419 0.0031
VT	 107.324    0.000 -338.996	 0.134  0.190  0.973	0.6419 0.0031
VT	 107.324    0.800 -339.240	 0.000  1.000 -0.000	0.6406 0.1797
VT	 107.324    0.800 -339.240	 0.134  0.190 -0.973	0.6419 0.1586
VT	 107.324    0.800 -339.156	-0.134  0.190  0.973	0.6419 0.1586
VT	 107.324    0.800 -339.156	 0.000  1.000 -0.000	0.6406 0.1641
VT	 107.356    0.800 -339.228	 0.000  1.000 -0.000	0.6462 0.1774
VT	 107.356    0.800 -339.228	 0.783  0.190 -0.593	0.6359 0.1586
VT	 107.356    0.800 -339.228	 0.783  0.190 -0.593	0.6479 0.1586
VT	 107.356    0.800 -339.168	 0.000  1.000 -0.000	0.6462 0.1664
VT	 107.356    0.800 -339.168	 0.593  0.190  0.783	0.6359 0.1586
VT	 107.356    0.800 -339.168	 0.593  0.190  0.783	0.6479 0.1586
VT	 107.368    0.800 -339.200	 0.000  1.000 -0.000	0.6484 0.1719
VT	 107.368    0.800 -339.200	 0.973  0.190  0.134	0.6419 0.1586
VT	 107.464    0.000 -339.340	 0.593  0.190 -0.783	0.6144 0.0031
VT	 107.464    0.000 -339.340	 0.593  0.190 -0.783	0.6694 0.0031
VT	 107.464    0.000 -339.056	 0.783  0.190  0.593	0.6144 0.0031
VT	 107.464    0.000 -339.056	 0.783  0.190  0.593	0.6694 0.0031
VT	 107.524    0.000 -339.200	 0.973  0.190 -0.134	0.6419 0.0031

IDX10	268 262 265 10 13 28 309 316 319 28
IDX10	25 10 304 301 315 315 308 304 319 314
IDX10	309 301 304 296 293 288 289 296 290 301
IDX10	299 292 288 288 293 299 289 295 293 291
IDX10	298 305 312 318 302 305 302 291 314 319
IDX10	317 317 311 314 302 305 312 300 294 297
IDX10	310 306 300 297 303 307 310 297 307 310
IDX10	307 313 310 300 297 287 282 277 272 269
IDX10	283 277 284 287 264 258 269 269 272 264
IDX10	283 276 272 257 263 261 267 260 256 261
IDX10	256 257 273 270 259 259 266 273 256 261
IDX10	267 270 273 280 282 287 285 280 286 270
IDX10	278 274 268 278 268 265 265 271 275 278
IDX10	275 281 245 252 255 278 265 275 240 237
IDX10	251 251 244 240 255 250 245 237 240 232
IDX10	229 224 225 232 226 237 235 228 224 224
IDX10	229 235 225 231 229 227 234 241 248 254
IDX10	238 241 238 227 250 255 253 253 247 250
IDX10	238 241 248 236 230 233 246 242 236 233
IDX10	239 243 246 233 243 246 243 249 246 236
IDX10	233 204 199 214 216 222 207 214 219 204
IDX10	212 209 223 223 218 212 207 201 216 218
IDX10	221 215 196 193 208 215 212 218 200 206
IDX10	192 192 194 200 208 211 196 194 197 203
IDX10	198 195 210 203 200 194 220 217 202 202
IDX10	205 220 210 213 198 172 167 182 184 190
IDX10	175 182 187 172 180 177 191 191 186 180
IDX10	175 169 184 186 189 183 164 161 176 183
IDX10	180 186 168 174 160 160 162 168 176 179
IDX10	164 162 165 171 166 163 178 171 168 162
IDX10	188 185 170 170 173 188 178 181 166 140
IDX10	135 150 152 158 143 150 155 140 148 145
IDX10	159 159 154 148 143 137 152 154 157 151
IDX10	132 129 144 151 148 154 136 142 128 128
IDX10	130 136 144 147 132 130 133 139 134 131
IDX10	146 139 136 130 156 153 138 138 141 156
IDX10	146 149 134 108 103 118 120 126 111 118
IDX10	123 108 116 113 127 127 122 116 111 105
IDX10	120 122 125 119 100 97 112 119 116 122
IDX10	104 110 96 96 98 104 112 115 100 98
IDX10	101 107 102 99 114 107 104 98 124 121
IDX10	106 106 109 124 114 117 102 76 71 86
IDX10	88 94 79 86 91 76 84 81 95 95
IDX10	90 84 79 73 88 90 93 87 68 65
IDX10	80 87 84 90 72 78 64 64 66 72
IDX10	80 83 68 66 69 75 70 67 82 75
IDX10	72 66 92 89 74 74 77 92 82 85
IDX10	70 44 39 54 56 62 47 54 59 44
IDX10	52 49 63 63 58 52 47 41 56 58
IDX10	61 55 36 33 48 55 52 58 40 46
IDX10	32 32 34 40 48 51 36 34 37 43
IDX10	38 35 50 43 40 34 60 57 42 42
IDX10	45 60 50 53 38 12 7 22 24 30
IDX10	15 22 27 12 20 17 31 31 26 20
IDX10	15 9 24 26 29 23 4 1 16 23
IDX10	20 26 8 14 0 0 2 8 16 19
IDX10	4 18 21 6 285 279 282 11 8 2
IDX	2
IDX	5
IDX	11
IDX	6
IDX	3
IDX	18

ATTR_no_blend

TRIS	0 576
