I
800	# Converted by FS2XPlane 3.26
OBJ

# file GSEhajj18.bgl

TEXTURE		GSE11.dds
TEXTURE_LIT	GSE11_LIT.dds
POINT_COUNTS	512 0 0 888

VT	-141.500    0.000  464.312	-0.789  0.559 -0.256	0.8762 0.0034
VT	-141.500    0.000  464.312	-0.309  0.000  0.951	0.8850 0.0065
VT	-141.320    0.280  464.372	-0.951  0.000 -0.309	0.8762 0.0570
VT	-141.320    0.280  464.372	-0.789  0.559 -0.256	0.8762 0.0570
VT	-141.320    0.280  464.372	-0.309  0.000  0.951	0.9194 0.0576
VT	-141.320    0.800  464.372	-0.951  0.000 -0.309	0.8762 0.1564
VT	-141.320    0.800  464.372	-0.309  0.000  0.951	0.9194 0.1523
VT	-141.320    0.800  464.372	 0.000  1.000 -0.000	0.8762 0.1614
VT	-141.192    0.000  463.360	-0.789  0.559 -0.256	0.6849 0.0034
VT	-141.192    0.000  463.360	 0.309  0.000 -0.951	0.9943 0.0065
VT	-141.168    0.000  459.844	-0.789  0.559 -0.256	0.8762 0.0034
VT	-141.168    0.000  459.844	-0.309  0.000  0.951	0.8850 0.0065
VT	-141.108    0.280  464.440	-0.309  0.000  0.951	0.9599 0.0576
VT	-141.108    0.280  464.440	 0.789  0.559  0.256	0.6849 0.0570
VT	-141.108    0.280  464.440	 0.951  0.000  0.309	0.6849 0.0570
VT	-141.108    0.800  464.440	-0.309  0.000  0.951	0.9599 0.1523
VT	-141.108    0.800  464.440	 0.000  1.000 -0.000	0.8762 0.2030
VT	-141.108    0.800  464.440	 0.951  0.000  0.309	0.6849 0.1564
VT	-141.012    0.280  463.420	-0.951  0.000 -0.309	0.6849 0.0570
VT	-141.012    0.280  463.420	-0.789  0.559 -0.256	0.6849 0.0570
VT	-141.012    0.280  463.420	 0.309  0.000 -0.951	0.9599 0.0576
VT	-141.012    0.800  463.420	-0.951  0.000 -0.309	0.6849 0.1564
VT	-141.012    0.800  463.420	 0.000  1.000 -0.000	0.6849 0.1614
VT	-141.012    0.800  463.420	 0.309  0.000 -0.951	0.9599 0.1523
VT	-140.988    0.280  459.904	-0.951  0.000 -0.309	0.8762 0.0570
VT	-140.988    0.280  459.904	-0.789  0.559 -0.256	0.8762 0.0570
VT	-140.988    0.280  459.904	-0.309  0.000  0.951	0.9194 0.0576
VT	-140.988    0.800  459.904	-0.951  0.000 -0.309	0.8762 0.1564
VT	-140.988    0.800  459.904	-0.309  0.000  0.951	0.9194 0.1523
VT	-140.988    0.800  459.904	 0.000  1.000 -0.000	0.8762 0.1614
VT	-140.932    0.000  464.500	-0.309  0.000  0.951	0.9943 0.0065
VT	-140.932    0.000  464.500	 0.789  0.559  0.256	0.6849 0.0034
VT	-140.856    0.000  458.892	-0.789  0.559 -0.256	0.6849 0.0034
VT	-140.856    0.000  458.892	 0.309  0.000 -0.951	0.9943 0.0065
VT	-140.800    0.280  463.488	 0.309  0.000 -0.951	0.9194 0.0576
VT	-140.800    0.280  463.488	 0.789  0.559  0.256	0.8762 0.0570
VT	-140.800    0.280  463.488	 0.951  0.000  0.309	0.8762 0.0570
VT	-140.800    0.800  463.488	 0.000  1.000 -0.000	0.6849 0.2030
VT	-140.800    0.800  463.488	 0.309  0.000 -0.951	0.9194 0.1523
VT	-140.800    0.800  463.488	 0.951  0.000  0.309	0.8762 0.1564
VT	-140.776    0.280  459.972	-0.309  0.000  0.951	0.9599 0.0576
VT	-140.776    0.280  459.972	 0.789  0.559  0.256	0.6849 0.0570
VT	-140.776    0.280  459.972	 0.951  0.000  0.309	0.6849 0.0570
VT	-140.776    0.800  459.972	-0.309  0.000  0.951	0.9599 0.1523
VT	-140.776    0.800  459.972	 0.000  1.000 -0.000	0.8762 0.2030
VT	-140.776    0.800  459.972	 0.951  0.000  0.309	0.6849 0.1564
VT	-140.676    0.280  458.952	-0.951  0.000 -0.309	0.6849 0.0570
VT	-140.676    0.280  458.952	-0.789  0.559 -0.256	0.6849 0.0570
VT	-140.676    0.280  458.952	 0.309  0.000 -0.951	0.9599 0.0576
VT	-140.676    0.800  458.952	-0.951  0.000 -0.309	0.6849 0.1564
VT	-140.676    0.800  458.952	 0.000  1.000 -0.000	0.6849 0.1614
VT	-140.676    0.800  458.952	 0.309  0.000 -0.951	0.9599 0.1523
VT	-140.620    0.000  463.548	 0.309  0.000 -0.951	0.8850 0.0065
VT	-140.620    0.000  463.548	 0.789  0.559  0.256	0.8762 0.0034
VT	-140.596    0.000  460.028	-0.309  0.000  0.951	0.9943 0.0065
VT	-140.596    0.000  460.028	 0.789  0.559  0.256	0.6849 0.0034
VT	-140.468    0.280  459.020	 0.309  0.000 -0.951	0.9194 0.0576
VT	-140.468    0.280  459.020	 0.789  0.559  0.256	0.8762 0.0570
VT	-140.468    0.280  459.020	 0.951  0.000  0.309	0.8762 0.0570
VT	-140.468    0.800  459.020	 0.000  1.000 -0.000	0.6849 0.2030
VT	-140.468    0.800  459.020	 0.309  0.000 -0.951	0.9194 0.1523
VT	-140.468    0.800  459.020	 0.951  0.000  0.309	0.8762 0.1564
VT	-140.288    0.000  459.080	 0.309  0.000 -0.951	0.8850 0.0065
VT	-140.288    0.000  459.080	 0.789  0.559  0.256	0.8762 0.0034
VT	-139.524    0.000  456.624	-0.758  0.559 -0.337	0.8762 0.0034
VT	-139.524    0.000  456.624	-0.407  0.000  0.914	0.8850 0.0065
VT	-139.348    0.280  456.704	-0.914  0.000 -0.407	0.8762 0.0570
VT	-139.348    0.280  456.704	-0.758  0.559 -0.337	0.8762 0.0570
VT	-139.348    0.280  456.704	-0.407  0.000  0.914	0.9194 0.0576
VT	-139.348    0.800  456.704	-0.914  0.000 -0.407	0.8762 0.1564
VT	-139.348    0.800  456.704	-0.407  0.000  0.914	0.9194 0.1523
VT	-139.348    0.800  456.704	 0.000  1.000 -0.000	0.8762 0.1614
VT	-139.148    0.280  456.792	-0.407  0.000  0.914	0.9599 0.0576
VT	-139.148    0.280  456.792	 0.758  0.559  0.337	0.6849 0.0570
VT	-139.148    0.280  456.792	 0.914  0.000  0.407	0.6849 0.0570
VT	-139.148    0.800  456.792	-0.407  0.000  0.914	0.9599 0.1523
VT	-139.148    0.800  456.792	 0.000  1.000 -0.000	0.8762 0.2030
VT	-139.148    0.800  456.792	 0.914  0.000  0.407	0.6849 0.1564
VT	-139.116    0.000  455.712	-0.758  0.559 -0.337	0.6849 0.0034
VT	-139.116    0.000  455.712	 0.407  0.000 -0.914	0.9943 0.0065
VT	-138.976    0.000  456.868	-0.407  0.000  0.914	0.9943 0.0065
VT	-138.976    0.000  456.868	 0.758  0.559  0.337	0.6849 0.0034
VT	-138.944    0.280  455.788	-0.914  0.000 -0.407	0.6849 0.0570
VT	-138.944    0.280  455.788	-0.758  0.559 -0.337	0.6849 0.0570
VT	-138.944    0.280  455.788	 0.407  0.000 -0.914	0.9599 0.0576
VT	-138.944    0.800  455.788	-0.914  0.000 -0.407	0.6849 0.1564
VT	-138.944    0.800  455.788	 0.000  1.000 -0.000	0.6849 0.1614
VT	-138.944    0.800  455.788	 0.407  0.000 -0.914	0.9599 0.1523
VT	-138.740    0.280  455.880	 0.407  0.000 -0.914	0.9194 0.0576
VT	-138.740    0.280  455.880	 0.758  0.559  0.337	0.8762 0.0570
VT	-138.740    0.280  455.880	 0.914  0.000  0.407	0.8762 0.0570
VT	-138.740    0.800  455.880	 0.000  1.000 -0.000	0.6849 0.2030
VT	-138.740    0.800  455.880	 0.407  0.000 -0.914	0.9194 0.1523
VT	-138.740    0.800  455.880	 0.914  0.000  0.407	0.8762 0.1564
VT	-138.568    0.000  455.956	 0.407  0.000 -0.914	0.8850 0.0065
VT	-138.568    0.000  455.956	 0.758  0.559  0.337	0.8762 0.0034
VT	-138.256    0.000  453.576	-0.736  0.559 -0.383	0.8762 0.0034
VT	-138.256    0.000  453.576	-0.462  0.000  0.887	0.8850 0.0065
VT	-138.088    0.280  453.660	-0.887  0.000 -0.462	0.8762 0.0570
VT	-138.088    0.280  453.660	-0.736  0.559 -0.383	0.8762 0.0570
VT	-138.088    0.280  453.660	-0.462  0.000  0.887	0.9194 0.0576
VT	-138.088    0.800  453.660	-0.887  0.000 -0.462	0.8762 0.1564
VT	-138.088    0.800  453.660	-0.462  0.000  0.887	0.9194 0.1523
VT	-138.088    0.800  453.660	 0.000  1.000 -0.000	0.8762 0.1614
VT	-137.888    0.280  453.764	-0.462  0.000  0.887	0.9599 0.0576
VT	-137.888    0.280  453.764	 0.736  0.559  0.383	0.6849 0.0570
VT	-137.888    0.280  453.764	 0.887  0.000  0.462	0.6849 0.0570
VT	-137.888    0.800  453.764	-0.462  0.000  0.887	0.9599 0.1523
VT	-137.888    0.800  453.764	 0.000  1.000 -0.000	0.8762 0.2030
VT	-137.888    0.800  453.764	 0.887  0.000  0.462	0.6849 0.1564
VT	-137.792    0.000  452.688	-0.736  0.559 -0.383	0.6849 0.0034
VT	-137.792    0.000  452.688	 0.462  0.000 -0.887	0.9943 0.0065
VT	-137.724    0.000  453.852	-0.462  0.000  0.887	0.9943 0.0065
VT	-137.724    0.000  453.852	 0.736  0.559  0.383	0.6849 0.0034
VT	-137.624    0.280  452.776	-0.887  0.000 -0.462	0.6849 0.0570
VT	-137.624    0.280  452.776	-0.736  0.559 -0.383	0.6849 0.0570
VT	-137.624    0.280  452.776	 0.462  0.000 -0.887	0.9599 0.0576
VT	-137.624    0.800  452.776	-0.887  0.000 -0.462	0.6849 0.1564
VT	-137.624    0.800  452.776	 0.000  1.000 -0.000	0.6849 0.1614
VT	-137.624    0.800  452.776	 0.462  0.000 -0.887	0.9599 0.1523
VT	-137.428    0.280  452.876	 0.462  0.000 -0.887	0.9194 0.0576
VT	-137.428    0.280  452.876	 0.736  0.559  0.383	0.8762 0.0570
VT	-137.428    0.280  452.876	 0.887  0.000  0.462	0.8762 0.0570
VT	-137.428    0.800  452.876	 0.000  1.000 -0.000	0.6849 0.2030
VT	-137.428    0.800  452.876	 0.462  0.000 -0.887	0.9194 0.1523
VT	-137.428    0.800  452.876	 0.887  0.000  0.462	0.8762 0.1564
VT	-137.260    0.000  452.964	 0.462  0.000 -0.887	0.8850 0.0065
VT	-137.260    0.000  452.964	 0.736  0.559  0.383	0.8762 0.0034
VT	-136.984    0.000  450.988	-0.715  0.559 -0.421	0.8762 0.0034
VT	-136.984    0.000  450.988	-0.508  0.000  0.862	0.8850 0.0065
VT	-136.820    0.280  451.084	-0.862  0.000 -0.508	0.8762 0.0570
VT	-136.820    0.280  451.084	-0.715  0.559 -0.421	0.8762 0.0570
VT	-136.820    0.280  451.084	-0.508  0.000  0.862	0.9194 0.0576
VT	-136.820    0.800  451.084	-0.862  0.000 -0.508	0.8762 0.1564
VT	-136.820    0.800  451.084	-0.508  0.000  0.862	0.9194 0.1523
VT	-136.820    0.800  451.084	 0.000  1.000 -0.000	0.8762 0.1614
VT	-136.628    0.280  451.196	-0.508  0.000  0.862	0.9599 0.0576
VT	-136.628    0.280  451.196	 0.715  0.559  0.421	0.6849 0.0570
VT	-136.628    0.280  451.196	 0.862  0.000  0.508	0.6849 0.0570
VT	-136.628    0.800  451.196	-0.508  0.000  0.862	0.9599 0.1523
VT	-136.628    0.800  451.196	 0.000  1.000 -0.000	0.8762 0.2030
VT	-136.628    0.800  451.196	 0.862  0.000  0.508	0.6849 0.1564
VT	-136.476    0.000  450.128	-0.715  0.559 -0.421	0.6849 0.0034
VT	-136.476    0.000  450.128	 0.508  0.000 -0.862	0.9943 0.0065
VT	-136.468    0.000  451.292	-0.508  0.000  0.862	0.9943 0.0065
VT	-136.468    0.000  451.292	 0.715  0.559  0.421	0.6849 0.0034
VT	-136.312    0.280  450.224	-0.862  0.000 -0.508	0.6849 0.0570
VT	-136.312    0.280  450.224	-0.715  0.559 -0.421	0.6849 0.0570
VT	-136.312    0.280  450.224	 0.508  0.000 -0.862	0.9599 0.0576
VT	-136.312    0.800  450.224	-0.862  0.000 -0.508	0.6849 0.1564
VT	-136.312    0.800  450.224	 0.000  1.000 -0.000	0.6849 0.1614
VT	-136.312    0.800  450.224	 0.508  0.000 -0.862	0.9599 0.1523
VT	-136.124    0.280  450.336	 0.508  0.000 -0.862	0.9194 0.0576
VT	-136.124    0.280  450.336	 0.715  0.559  0.421	0.8762 0.0570
VT	-136.124    0.280  450.336	 0.862  0.000  0.508	0.8762 0.0570
VT	-136.124    0.800  450.336	 0.000  1.000 -0.000	0.6849 0.2030
VT	-136.124    0.800  450.336	 0.508  0.000 -0.862	0.9194 0.1523
VT	-136.124    0.800  450.336	 0.862  0.000  0.508	0.8762 0.1564
VT	-135.960    0.000  450.432	 0.508  0.000 -0.862	0.8850 0.0065
VT	-135.960    0.000  450.432	 0.715  0.559  0.421	0.8762 0.0034
VT	-135.276    0.000  448.308	-0.645  0.559 -0.522	0.8762 0.0034
VT	-135.276    0.000  448.308	-0.629  0.000  0.777	0.8850 0.0065
VT	-135.128    0.280  448.424	-0.777  0.000 -0.629	0.8762 0.0570
VT	-135.128    0.280  448.424	-0.645  0.559 -0.522	0.8762 0.0570
VT	-135.128    0.280  448.424	-0.629  0.000  0.777	0.9194 0.0576
VT	-135.128    0.800  448.424	-0.777  0.000 -0.629	0.8762 0.1564
VT	-135.128    0.800  448.424	-0.629  0.000  0.777	0.9194 0.1523
VT	-135.128    0.800  448.424	 0.000  1.000 -0.000	0.8762 0.1614
VT	-134.956    0.280  448.564	-0.629  0.000  0.777	0.9599 0.0576
VT	-134.956    0.280  448.564	 0.645  0.559  0.522	0.6849 0.0570
VT	-134.956    0.280  448.564	 0.777  0.000  0.629	0.6849 0.0570
VT	-134.956    0.800  448.564	-0.629  0.000  0.777	0.9599 0.1523
VT	-134.956    0.800  448.564	 0.000  1.000 -0.000	0.8762 0.2030
VT	-134.956    0.800  448.564	 0.777  0.000  0.629	0.6849 0.1564
VT	-134.812    0.000  448.684	-0.629  0.000  0.777	0.9943 0.0065
VT	-134.812    0.000  448.684	 0.645  0.559  0.522	0.6849 0.0034
VT	-134.648    0.000  447.528	-0.645  0.559 -0.522	0.6849 0.0034
VT	-134.648    0.000  447.528	 0.629  0.000 -0.777	0.9943 0.0065
VT	-134.500    0.280  447.648	-0.777  0.000 -0.629	0.6849 0.0570
VT	-134.500    0.280  447.648	-0.645  0.559 -0.522	0.6849 0.0570
VT	-134.500    0.280  447.648	 0.629  0.000 -0.777	0.9599 0.0576
VT	-134.500    0.800  447.648	-0.777  0.000 -0.629	0.6849 0.1564
VT	-134.500    0.800  447.648	 0.000  1.000 -0.000	0.6849 0.1614
VT	-134.500    0.800  447.648	 0.629  0.000 -0.777	0.9599 0.1523
VT	-134.328    0.280  447.788	 0.629  0.000 -0.777	0.9194 0.0576
VT	-134.328    0.280  447.788	 0.645  0.559  0.522	0.8762 0.0570
VT	-134.328    0.280  447.788	 0.777  0.000  0.629	0.8762 0.0570
VT	-134.328    0.800  447.788	 0.000  1.000 -0.000	0.6849 0.2030
VT	-134.328    0.800  447.788	 0.629  0.000 -0.777	0.9194 0.1523
VT	-134.328    0.800  447.788	 0.777  0.000  0.629	0.8762 0.1564
VT	-134.180    0.000  447.908	 0.629  0.000 -0.777	0.8850 0.0065
VT	-134.180    0.000  447.908	 0.645  0.559  0.522	0.8762 0.0034
VT	-133.724    0.000  446.016	-0.649  0.000  0.760	0.8850 0.0065
VT	-133.724    0.000  446.016	-0.631  0.559 -0.539	0.8762 0.0034
VT	-133.580    0.280  446.136	-0.760  0.000 -0.649	0.8762 0.0570
VT	-133.580    0.280  446.136	-0.649  0.000  0.760	0.9194 0.0576
VT	-133.580    0.280  446.136	-0.631  0.559 -0.539	0.8762 0.0570
VT	-133.580    0.800  446.136	-0.760  0.000 -0.649	0.8762 0.1564
VT	-133.580    0.800  446.136	-0.649  0.000  0.760	0.9194 0.1523
VT	-133.580    0.800  446.136	 0.000  1.000 -0.000	0.8762 0.1614
VT	-133.412    0.280  446.280	-0.649  0.000  0.760	0.9599 0.0576
VT	-133.412    0.280  446.280	 0.631  0.559  0.539	0.6849 0.0570
VT	-133.412    0.280  446.280	 0.760  0.000  0.649	0.6849 0.0570
VT	-133.412    0.800  446.280	-0.649  0.000  0.760	0.9599 0.1523
VT	-133.412    0.800  446.280	 0.000  1.000 -0.000	0.8762 0.2030
VT	-133.412    0.800  446.280	 0.760  0.000  0.649	0.6849 0.1564
VT	-133.268    0.000  446.404	-0.649  0.000  0.760	0.9943 0.0065
VT	-133.268    0.000  446.404	 0.631  0.559  0.539	0.6849 0.0034
VT	-133.076    0.000  445.252	-0.631  0.559 -0.539	0.6849 0.0034
VT	-133.076    0.000  445.252	 0.649  0.000 -0.760	0.9943 0.0065
VT	-132.932    0.280  445.376	-0.760  0.000 -0.649	0.6849 0.0570
VT	-132.932    0.280  445.376	-0.631  0.559 -0.539	0.6849 0.0570
VT	-132.932    0.280  445.376	 0.649  0.000 -0.760	0.9599 0.0576
VT	-132.932    0.800  445.376	-0.760  0.000 -0.649	0.6849 0.1564
VT	-132.932    0.800  445.376	 0.000  1.000 -0.000	0.6849 0.1614
VT	-132.932    0.800  445.376	 0.649  0.000 -0.760	0.9599 0.1523
VT	-132.760    0.280  445.520	 0.631  0.559  0.539	0.8762 0.0570
VT	-132.760    0.280  445.520	 0.649  0.000 -0.760	0.9194 0.0576
VT	-132.760    0.280  445.520	 0.760  0.000  0.649	0.8762 0.0570
VT	-132.760    0.800  445.520	 0.000  1.000 -0.000	0.6849 0.2030
VT	-132.760    0.800  445.520	 0.649  0.000 -0.760	0.9194 0.1523
VT	-132.760    0.800  445.520	 0.760  0.000  0.649	0.8762 0.1564
VT	-132.616    0.000  445.644	 0.631  0.559  0.539	0.8762 0.0034
VT	-132.616    0.000  445.644	 0.649  0.000 -0.760	0.8850 0.0065
VT	-121.156    0.000  315.316	-0.864  0.190  0.466	0.6419 0.0031
VT	-121.152    0.000  315.164	-0.941  0.190 -0.281	0.6144 0.0031
VT	-121.152    0.000  315.164	-0.941  0.190 -0.281	0.6694 0.0031
VT	-121.052    0.000  315.428	-0.281  0.190  0.941	0.6144 0.0031
VT	-121.052    0.000  315.428	-0.281  0.190  0.941	0.6694 0.0031
VT	-121.040    0.000  315.060	-0.466  0.190 -0.864	0.6419 0.0031
VT	-121.012    0.800  315.264	-0.958  0.190  0.215	0.6419 0.1586
VT	-121.012    0.800  315.264	 0.000  1.000 -0.000	0.6406 0.1641
VT	-121.008    0.800  315.228	-0.829  0.190 -0.526	0.6359 0.1586
VT	-121.008    0.800  315.228	-0.829  0.190 -0.526	0.6479 0.1586
VT	-121.008    0.800  315.228	 0.000  1.000 -0.000	0.6351 0.1664
VT	-120.988    0.800  315.288	-0.526  0.190  0.829	0.6359 0.1586
VT	-120.988    0.800  315.288	-0.526  0.190  0.829	0.6479 0.1586
VT	-120.988    0.800  315.288	 0.000  1.000 -0.000	0.6462 0.1664
VT	-120.984    0.800  315.204	-0.215  0.190 -0.958	0.6419 0.1586
VT	-120.984    0.800  315.204	 0.000  1.000 -0.000	0.6328 0.1719
VT	-120.956    0.800  315.288	 0.000  1.000 -0.000	0.6484 0.1719
VT	-120.956    0.800  315.288	 0.215  0.190  0.958	0.6419 0.1586
VT	-120.952    0.800  315.208	 0.000  1.000 -0.000	0.6351 0.1774
VT	-120.952    0.800  315.208	 0.526  0.190 -0.829	0.6359 0.1586
VT	-120.952    0.800  315.208	 0.526  0.190 -0.829	0.6479 0.1586
VT	-120.928    0.800  315.232	 0.000  1.000 -0.000	0.6406 0.1797
VT	-120.928    0.800  315.232	 0.958  0.190 -0.215	0.6419 0.1586
VT	-120.928    0.800  315.264	 0.000  1.000 -0.000	0.6462 0.1774
VT	-120.928    0.800  315.264	 0.829  0.190  0.526	0.6359 0.1586
VT	-120.928    0.800  315.264	 0.829  0.190  0.526	0.6479 0.1586
VT	-120.900    0.000  315.436	 0.466  0.190  0.864	0.6419 0.0031
VT	-120.888    0.000  315.064	 0.281  0.190 -0.941	0.6144 0.0031
VT	-120.888    0.000  315.064	 0.281  0.190 -0.941	0.6694 0.0031
VT	-120.788    0.000  315.328	 0.941  0.190  0.281	0.6144 0.0031
VT	-120.788    0.000  315.328	 0.941  0.190  0.281	0.6694 0.0031
VT	-120.784    0.000  315.176	 0.864  0.190 -0.466	0.6419 0.0031
VT	-103.244    0.000  349.848	-0.864  0.190  0.466	0.6419 0.0031
VT	-103.240    0.000  349.696	-0.941  0.190 -0.281	0.6144 0.0031
VT	-103.240    0.000  349.696	-0.941  0.190 -0.281	0.6694 0.0031
VT	-103.140    0.000  349.960	-0.281  0.190  0.941	0.6144 0.0031
VT	-103.140    0.000  349.960	-0.281  0.190  0.941	0.6694 0.0031
VT	-103.128    0.000  349.592	-0.466  0.190 -0.864	0.6419 0.0031
VT	-103.100    0.800  349.792	-0.958  0.190  0.215	0.6419 0.1586
VT	-103.100    0.800  349.792	 0.000  1.000 -0.000	0.6406 0.1641
VT	-103.096    0.800  349.760	-0.829  0.190 -0.526	0.6359 0.1586
VT	-103.096    0.800  349.760	-0.829  0.190 -0.526	0.6479 0.1586
VT	-103.096    0.800  349.760	 0.000  1.000 -0.000	0.6351 0.1664
VT	-103.076    0.800  349.820	-0.526  0.190  0.829	0.6359 0.1586
VT	-103.076    0.800  349.820	-0.526  0.190  0.829	0.6479 0.1586
VT	-103.076    0.800  349.820	 0.000  1.000 -0.000	0.6462 0.1664
VT	-103.072    0.800  349.736	-0.215  0.190 -0.958	0.6419 0.1586
VT	-103.072    0.800  349.736	 0.000  1.000 -0.000	0.6328 0.1719
VT	-103.040    0.800  349.740	 0.000  1.000 -0.000	0.6351 0.1774
VT	-103.040    0.800  349.740	 0.526  0.190 -0.829	0.6359 0.1586
VT	-103.040    0.800  349.740	 0.526  0.190 -0.829	0.6479 0.1586
VT	-103.040    0.800  349.820	 0.000  1.000 -0.000	0.6484 0.1719
VT	-103.040    0.800  349.820	 0.215  0.190  0.958	0.6419 0.1586
VT	-103.016    0.800  349.764	 0.000  1.000 -0.000	0.6406 0.1797
VT	-103.016    0.800  349.764	 0.958  0.190 -0.215	0.6419 0.1586
VT	-103.016    0.800  349.796	 0.000  1.000 -0.000	0.6462 0.1774
VT	-103.016    0.800  349.796	 0.829  0.190  0.526	0.6359 0.1586
VT	-103.016    0.800  349.796	 0.829  0.190  0.526	0.6479 0.1586
VT	-102.988    0.000  349.964	 0.466  0.190  0.864	0.6419 0.0031
VT	-102.976    0.000  349.596	 0.281  0.190 -0.941	0.6144 0.0031
VT	-102.976    0.000  349.596	 0.281  0.190 -0.941	0.6694 0.0031
VT	-102.876    0.000  349.860	 0.941  0.190  0.281	0.6144 0.0031
VT	-102.876    0.000  349.860	 0.941  0.190  0.281	0.6694 0.0031
VT	-102.868    0.000  349.708	 0.864  0.190 -0.466	0.6419 0.0031
VT	 -22.196    0.000  432.816	-0.667  0.559  0.493	0.6849 0.0034
VT	 -22.196    0.000  432.816	-0.595  0.000 -0.804	0.9943 0.0065
VT	 -22.044    0.280  432.700	-0.804  0.000  0.595	0.6849 0.0570
VT	 -22.044    0.280  432.700	-0.667  0.559  0.493	0.6849 0.0570
VT	 -22.044    0.280  432.700	-0.595  0.000 -0.804	0.9599 0.0576
VT	 -22.044    0.800  432.700	-0.804  0.000  0.595	0.6849 0.1564
VT	 -22.044    0.800  432.700	-0.595  0.000 -0.804	0.9599 0.1523
VT	 -22.044    0.800  432.700	 0.000  1.000 -0.000	0.6849 0.1614
VT	 -21.868    0.280  432.568	-0.595  0.000 -0.804	0.9194 0.0576
VT	 -21.868    0.280  432.568	 0.667  0.559 -0.493	0.8762 0.0570
VT	 -21.868    0.280  432.568	 0.804  0.000 -0.595	0.8762 0.0570
VT	 -21.868    0.800  432.568	-0.595  0.000 -0.804	0.9194 0.1523
VT	 -21.868    0.800  432.568	 0.000  1.000 -0.000	0.6849 0.2030
VT	 -21.868    0.800  432.568	 0.804  0.000 -0.595	0.8762 0.1564
VT	 -21.716    0.000  432.456	-0.595  0.000 -0.804	0.8850 0.0065
VT	 -21.716    0.000  432.456	 0.667  0.559 -0.493	0.8762 0.0034
VT	 -21.600    0.000  433.620	-0.667  0.559  0.493	0.8762 0.0034
VT	 -21.600    0.000  433.620	 0.595  0.000  0.804	0.8850 0.0065
VT	 -21.448    0.280  433.504	-0.804  0.000  0.595	0.8762 0.0570
VT	 -21.448    0.280  433.504	-0.667  0.559  0.493	0.8762 0.0570
VT	 -21.448    0.280  433.504	 0.595  0.000  0.804	0.9194 0.0576
VT	 -21.448    0.800  433.504	-0.804  0.000  0.595	0.8762 0.1564
VT	 -21.448    0.800  433.504	 0.000  1.000 -0.000	0.8762 0.1614
VT	 -21.448    0.800  433.504	 0.595  0.000  0.804	0.9194 0.1523
VT	 -21.272    0.280  433.372	 0.595  0.000  0.804	0.9599 0.0576
VT	 -21.272    0.280  433.372	 0.667  0.559 -0.493	0.6849 0.0570
VT	 -21.272    0.280  433.372	 0.804  0.000 -0.595	0.6849 0.0570
VT	 -21.272    0.800  433.372	 0.000  1.000 -0.000	0.8762 0.2030
VT	 -21.272    0.800  433.372	 0.595  0.000  0.804	0.9599 0.1523
VT	 -21.272    0.800  433.372	 0.804  0.000 -0.595	0.6849 0.1564
VT	 -21.120    0.000  433.260	 0.595  0.000  0.804	0.9943 0.0065
VT	 -21.120    0.000  433.260	 0.667  0.559 -0.493	0.6849 0.0034
VT	 -20.332    0.000  434.860	-0.654  0.559  0.511	0.6849 0.0034
VT	 -20.332    0.000  434.860	-0.616  0.000 -0.788	0.9943 0.0065
VT	 -20.184    0.280  434.744	-0.788  0.000  0.616	0.6849 0.0570
VT	 -20.184    0.280  434.744	-0.654  0.559  0.511	0.6849 0.0570
VT	 -20.184    0.280  434.744	-0.616  0.000 -0.788	0.9599 0.0576
VT	 -20.184    0.800  434.744	-0.788  0.000  0.616	0.6849 0.1564
VT	 -20.184    0.800  434.744	-0.616  0.000 -0.788	0.9599 0.1523
VT	 -20.184    0.800  434.744	 0.000  1.000 -0.000	0.6849 0.1614
VT	 -20.008    0.280  434.604	-0.616  0.000 -0.788	0.9194 0.0576
VT	 -20.008    0.280  434.604	 0.654  0.559 -0.511	0.8762 0.0570
VT	 -20.008    0.280  434.604	 0.788  0.000 -0.616	0.8762 0.0570
VT	 -20.008    0.800  434.604	-0.616  0.000 -0.788	0.9194 0.1523
VT	 -20.008    0.800  434.604	 0.000  1.000 -0.000	0.6849 0.2030
VT	 -20.008    0.800  434.604	 0.788  0.000 -0.616	0.8762 0.1564
VT	 -19.860    0.000  434.488	-0.616  0.000 -0.788	0.8850 0.0065
VT	 -19.860    0.000  434.488	 0.654  0.559 -0.511	0.8762 0.0034
VT	 -19.716    0.000  435.648	-0.654  0.559  0.511	0.8762 0.0034
VT	 -19.716    0.000  435.648	 0.616  0.000  0.788	0.8850 0.0065
VT	 -19.568    0.280  435.532	-0.788  0.000  0.616	0.8762 0.0570
VT	 -19.568    0.280  435.532	-0.654  0.559  0.511	0.8762 0.0570
VT	 -19.568    0.280  435.532	 0.616  0.000  0.788	0.9194 0.0576
VT	 -19.568    0.800  435.532	-0.788  0.000  0.616	0.8762 0.1564
VT	 -19.568    0.800  435.532	 0.000  1.000 -0.000	0.8762 0.1614
VT	 -19.568    0.800  435.532	 0.616  0.000  0.788	0.9194 0.1523
VT	 -19.392    0.280  435.392	 0.616  0.000  0.788	0.9599 0.0576
VT	 -19.392    0.280  435.392	 0.654  0.559 -0.511	0.6849 0.0570
VT	 -19.392    0.280  435.392	 0.788  0.000 -0.616	0.6849 0.0570
VT	 -19.392    0.800  435.392	 0.000  1.000 -0.000	0.8762 0.2030
VT	 -19.392    0.800  435.392	 0.616  0.000  0.788	0.9599 0.1523
VT	 -19.392    0.800  435.392	 0.788  0.000 -0.616	0.6849 0.1564
VT	 -19.244    0.000  435.276	 0.616  0.000  0.788	0.9943 0.0065
VT	 -19.244    0.000  435.276	 0.654  0.559 -0.511	0.6849 0.0034
VT	 -18.212    0.000  437.224	-0.725  0.000 -0.688	0.9943 0.0065
VT	 -18.212    0.000  437.224	-0.571  0.559  0.602	0.6849 0.0034
VT	 -18.084    0.280  437.088	-0.725  0.000 -0.688	0.9599 0.0576
VT	 -18.084    0.280  437.088	-0.688  0.000  0.725	0.6849 0.0570
VT	 -18.084    0.280  437.088	-0.571  0.559  0.602	0.6849 0.0570
VT	 -18.084    0.800  437.088	-0.725  0.000 -0.688	0.9599 0.1523
VT	 -18.084    0.800  437.088	-0.688  0.000  0.725	0.6849 0.1564
VT	 -18.084    0.800  437.088	 0.000  1.000 -0.000	0.6849 0.1614
VT	 -17.932    0.280  436.928	-0.725  0.000 -0.688	0.9194 0.0576
VT	 -17.932    0.280  436.928	 0.571  0.559 -0.602	0.8762 0.0570
VT	 -17.932    0.280  436.928	 0.688  0.000 -0.725	0.8762 0.0570
VT	 -17.932    0.800  436.928	-0.725  0.000 -0.688	0.9194 0.1523
VT	 -17.932    0.800  436.928	 0.000  1.000 -0.000	0.6849 0.2030
VT	 -17.932    0.800  436.928	 0.688  0.000 -0.725	0.8762 0.1564
VT	 -17.800    0.000  436.792	-0.725  0.000 -0.688	0.8850 0.0065
VT	 -17.800    0.000  436.792	 0.571  0.559 -0.602	0.8762 0.0034
VT	 -17.488    0.000  437.912	-0.571  0.559  0.602	0.8762 0.0034
VT	 -17.488    0.000  437.912	 0.725  0.000  0.688	0.8850 0.0065
VT	 -17.360    0.280  437.776	-0.688  0.000  0.725	0.8762 0.0570
VT	 -17.360    0.280  437.776	-0.571  0.559  0.602	0.8762 0.0570
VT	 -17.360    0.280  437.776	 0.725  0.000  0.688	0.9194 0.0576
VT	 -17.360    0.800  437.776	-0.688  0.000  0.725	0.8762 0.1564
VT	 -17.360    0.800  437.776	 0.000  1.000 -0.000	0.8762 0.1614
VT	 -17.360    0.800  437.776	 0.725  0.000  0.688	0.9194 0.1523
VT	 -17.204    0.280  437.616	 0.571  0.559 -0.602	0.6849 0.0570
VT	 -17.204    0.280  437.616	 0.688  0.000 -0.725	0.6849 0.0570
VT	 -17.204    0.280  437.616	 0.725  0.000  0.688	0.9599 0.0576
VT	 -17.204    0.800  437.616	 0.000  1.000 -0.000	0.8762 0.2030
VT	 -17.204    0.800  437.616	 0.688  0.000 -0.725	0.6849 0.1564
VT	 -17.204    0.800  437.616	 0.725  0.000  0.688	0.9599 0.1523
VT	 -17.076    0.000  437.480	 0.571  0.559 -0.602	0.6849 0.0034
VT	 -17.076    0.000  437.480	 0.725  0.000  0.688	0.9943 0.0065
VT	 -16.016    0.000  439.084	-0.760  0.000 -0.649	0.9943 0.0065
VT	 -16.016    0.000  439.084	-0.539  0.559  0.631	0.6849 0.0034
VT	 -15.892    0.280  438.940	-0.760  0.000 -0.649	0.9599 0.0576
VT	 -15.892    0.280  438.940	-0.649  0.000  0.760	0.6849 0.0570
VT	 -15.892    0.280  438.940	-0.539  0.559  0.631	0.6849 0.0570
VT	 -15.892    0.800  438.940	-0.760  0.000 -0.649	0.9599 0.1523
VT	 -15.892    0.800  438.940	-0.649  0.000  0.760	0.6849 0.1564
VT	 -15.892    0.800  438.940	 0.000  1.000 -0.000	0.6849 0.1614
VT	 -15.748    0.280  438.772	-0.760  0.000 -0.649	0.9194 0.0576
VT	 -15.748    0.280  438.772	 0.539  0.559 -0.631	0.8762 0.0570
VT	 -15.748    0.280  438.772	 0.649  0.000 -0.760	0.8762 0.0570
VT	 -15.748    0.800  438.772	-0.760  0.000 -0.649	0.9194 0.1523
VT	 -15.748    0.800  438.772	 0.000  1.000 -0.000	0.6849 0.2030
VT	 -15.748    0.800  438.772	 0.649  0.000 -0.760	0.8762 0.1564
VT	 -15.624    0.000  438.628	-0.760  0.000 -0.649	0.8850 0.0065
VT	 -15.624    0.000  438.628	 0.539  0.559 -0.631	0.8762 0.0034
VT	 -15.256    0.000  439.732	-0.539  0.559  0.631	0.8762 0.0034
VT	 -15.256    0.000  439.732	 0.760  0.000  0.649	0.8850 0.0065
VT	 -15.132    0.280  439.592	-0.649  0.000  0.760	0.8762 0.0570
VT	 -15.132    0.280  439.592	-0.539  0.559  0.631	0.8762 0.0570
VT	 -15.132    0.280  439.592	 0.760  0.000  0.649	0.9194 0.0576
VT	 -15.132    0.800  439.592	-0.649  0.000  0.760	0.8762 0.1564
VT	 -15.132    0.800  439.592	 0.000  1.000 -0.000	0.8762 0.1614
VT	 -15.132    0.800  439.592	 0.760  0.000  0.649	0.9194 0.1523
VT	 -14.988    0.280  439.420	 0.539  0.559 -0.631	0.6849 0.0570
VT	 -14.988    0.280  439.420	 0.649  0.000 -0.760	0.6849 0.0570
VT	 -14.988    0.280  439.420	 0.760  0.000  0.649	0.9599 0.0576
VT	 -14.988    0.800  439.420	 0.000  1.000 -0.000	0.8762 0.2030
VT	 -14.988    0.800  439.420	 0.649  0.000 -0.760	0.6849 0.1564
VT	 -14.988    0.800  439.420	 0.760  0.000  0.649	0.9599 0.1523
VT	 -14.864    0.000  439.276	 0.539  0.559 -0.631	0.6849 0.0034
VT	 -14.864    0.000  439.276	 0.760  0.000  0.649	0.9943 0.0065
VT	 -13.364    0.000  441.052	-0.799  0.000 -0.602	0.9943 0.0065
VT	 -13.364    0.000  441.052	-0.499  0.559  0.662	0.6849 0.0034
VT	 -13.252    0.280  440.904	-0.799  0.000 -0.602	0.9599 0.0576
VT	 -13.252    0.280  440.904	-0.602  0.000  0.799	0.6849 0.0570
VT	 -13.252    0.280  440.904	-0.499  0.559  0.662	0.6849 0.0570
VT	 -13.252    0.800  440.904	-0.799  0.000 -0.602	0.9599 0.1523
VT	 -13.252    0.800  440.904	-0.602  0.000  0.799	0.6849 0.1564
VT	 -13.252    0.800  440.904	 0.000  1.000 -0.000	0.6849 0.1614
VT	 -13.116    0.280  440.724	-0.799  0.000 -0.602	0.9194 0.0576
VT	 -13.116    0.280  440.724	 0.499  0.559 -0.662	0.8762 0.0570
VT	 -13.116    0.280  440.724	 0.602  0.000 -0.799	0.8762 0.0570
VT	 -13.116    0.800  440.724	-0.799  0.000 -0.602	0.9194 0.1523
VT	 -13.116    0.800  440.724	 0.000  1.000 -0.000	0.6849 0.2030
VT	 -13.116    0.800  440.724	 0.602  0.000 -0.799	0.8762 0.1564
VT	 -13.004    0.000  440.576	-0.799  0.000 -0.602	0.8850 0.0065
VT	 -13.004    0.000  440.576	 0.499  0.559 -0.662	0.8762 0.0034
VT	 -12.568    0.000  441.656	-0.499  0.559  0.662	0.8762 0.0034
VT	 -12.568    0.000  441.656	 0.799  0.000  0.602	0.8850 0.0065
VT	 -12.452    0.280  441.504	-0.602  0.000  0.799	0.8762 0.0570
VT	 -12.452    0.280  441.504	-0.499  0.559  0.662	0.8762 0.0570
VT	 -12.452    0.280  441.504	 0.799  0.000  0.602	0.9194 0.0576
VT	 -12.452    0.800  441.504	-0.602  0.000  0.799	0.8762 0.1564
VT	 -12.452    0.800  441.504	 0.000  1.000 -0.000	0.8762 0.1614
VT	 -12.452    0.800  441.504	 0.799  0.000  0.602	0.9194 0.1523
VT	 -12.320    0.280  441.328	 0.499  0.559 -0.662	0.6849 0.0570
VT	 -12.320    0.280  441.328	 0.602  0.000 -0.799	0.6849 0.0570
VT	 -12.320    0.280  441.328	 0.799  0.000  0.602	0.9599 0.0576
VT	 -12.320    0.800  441.328	 0.000  1.000 -0.000	0.8762 0.2030
VT	 -12.320    0.800  441.328	 0.602  0.000 -0.799	0.6849 0.1564
VT	 -12.320    0.800  441.328	 0.799  0.000  0.602	0.9599 0.1523
VT	 -12.204    0.000  441.176	 0.499  0.559 -0.662	0.6849 0.0034
VT	 -12.204    0.000  441.176	 0.799  0.000  0.602	0.9943 0.0065
VT	 -10.656    0.000  443.468	-0.857  0.000 -0.515	0.9943 0.0065
VT	 -10.656    0.000  443.468	-0.427  0.559  0.711	0.6849 0.0034
VT	 -10.560    0.280  443.304	-0.857  0.000 -0.515	0.9599 0.0576
VT	 -10.560    0.280  443.304	-0.515  0.000  0.857	0.6849 0.0570
VT	 -10.560    0.280  443.304	-0.427  0.559  0.711	0.6849 0.0570
VT	 -10.560    0.800  443.304	-0.857  0.000 -0.515	0.9599 0.1523
VT	 -10.560    0.800  443.304	-0.515  0.000  0.857	0.6849 0.1564
VT	 -10.560    0.800  443.304	 0.000  1.000 -0.000	0.6849 0.1614
VT	 -10.448    0.280  443.112	-0.857  0.000 -0.515	0.9194 0.0576
VT	 -10.448    0.280  443.112	 0.427  0.559 -0.711	0.8762 0.0570
VT	 -10.448    0.280  443.112	 0.515  0.000 -0.857	0.8762 0.0570
VT	 -10.448    0.800  443.112	-0.857  0.000 -0.515	0.9194 0.1523
VT	 -10.448    0.800  443.112	 0.000  1.000 -0.000	0.6849 0.2030
VT	 -10.448    0.800  443.112	 0.515  0.000 -0.857	0.8762 0.1564
VT	 -10.348    0.000  442.952	-0.857  0.000 -0.515	0.8850 0.0065
VT	 -10.348    0.000  442.952	 0.427  0.559 -0.711	0.8762 0.0034
VT	  -9.800    0.000  443.980	-0.427  0.559  0.711	0.8762 0.0034
VT	  -9.800    0.000  443.980	 0.857  0.000  0.515	0.8850 0.0065
VT	  -9.704    0.280  443.820	-0.515  0.000  0.857	0.8762 0.0570
VT	  -9.704    0.280  443.820	-0.427  0.559  0.711	0.8762 0.0570
VT	  -9.704    0.280  443.820	 0.857  0.000  0.515	0.9194 0.0576
VT	  -9.704    0.800  443.820	-0.515  0.000  0.857	0.8762 0.1564
VT	  -9.704    0.800  443.820	 0.000  1.000 -0.000	0.8762 0.1614
VT	  -9.704    0.800  443.820	 0.857  0.000  0.515	0.9194 0.1523
VT	  -9.588    0.280  443.628	 0.427  0.559 -0.711	0.6849 0.0570
VT	  -9.588    0.280  443.628	 0.515  0.000 -0.857	0.6849 0.0570
VT	  -9.588    0.280  443.628	 0.857  0.000  0.515	0.9599 0.0576
VT	  -9.588    0.800  443.628	 0.000  1.000 -0.000	0.8762 0.2030
VT	  -9.588    0.800  443.628	 0.515  0.000 -0.857	0.6849 0.1564
VT	  -9.588    0.800  443.628	 0.857  0.000  0.515	0.9599 0.1523
VT	  -9.492    0.000  443.468	 0.427  0.559 -0.711	0.6849 0.0034
VT	  -9.492    0.000  443.468	 0.857  0.000  0.515	0.9943 0.0065
VT	  -6.380    0.000  444.796	-0.857  0.000 -0.515	0.9943 0.0065
VT	  -6.380    0.000  444.796	-0.427  0.559  0.711	0.6849 0.0034
VT	  -6.280    0.280  444.636	-0.857  0.000 -0.515	0.9599 0.0576
VT	  -6.280    0.280  444.636	-0.515  0.000  0.857	0.6849 0.0570
VT	  -6.280    0.280  444.636	-0.427  0.559  0.711	0.6849 0.0570
VT	  -6.280    0.800  444.636	-0.857  0.000 -0.515	0.9599 0.1523
VT	  -6.280    0.800  444.636	-0.515  0.000  0.857	0.6849 0.1564
VT	  -6.280    0.800  444.636	 0.000  1.000 -0.000	0.6849 0.1614
VT	  -6.168    0.280  444.444	-0.857  0.000 -0.515	0.9194 0.0576
VT	  -6.168    0.280  444.444	 0.427  0.559 -0.711	0.8762 0.0570
VT	  -6.168    0.280  444.444	 0.515  0.000 -0.857	0.8762 0.0570
VT	  -6.168    0.800  444.444	-0.857  0.000 -0.515	0.9194 0.1523
VT	  -6.168    0.800  444.444	 0.000  1.000 -0.000	0.6849 0.2030
VT	  -6.168    0.800  444.444	 0.515  0.000 -0.857	0.8762 0.1564
VT	  -6.068    0.000  444.284	-0.857  0.000 -0.515	0.8850 0.0065
VT	  -6.068    0.000  444.284	 0.427  0.559 -0.711	0.8762 0.0034
VT	  -5.520    0.000  445.312	-0.427  0.559  0.711	0.8762 0.0034
VT	  -5.520    0.000  445.312	 0.857  0.000  0.515	0.8850 0.0065
VT	  -5.424    0.280  445.152	-0.515  0.000  0.857	0.8762 0.0570
VT	  -5.424    0.280  445.152	-0.427  0.559  0.711	0.8762 0.0570
VT	  -5.424    0.280  445.152	 0.857  0.000  0.515	0.9194 0.0576
VT	  -5.424    0.800  445.152	-0.515  0.000  0.857	0.8762 0.1564
VT	  -5.424    0.800  445.152	 0.000  1.000 -0.000	0.8762 0.1614
VT	  -5.424    0.800  445.152	 0.857  0.000  0.515	0.9194 0.1523
VT	  -5.308    0.280  444.960	 0.427  0.559 -0.711	0.6849 0.0570
VT	  -5.308    0.280  444.960	 0.515  0.000 -0.857	0.6849 0.0570
VT	  -5.308    0.280  444.960	 0.857  0.000  0.515	0.9599 0.0576
VT	  -5.308    0.800  444.960	 0.000  1.000 -0.000	0.8762 0.2030
VT	  -5.308    0.800  444.960	 0.515  0.000 -0.857	0.6849 0.1564
VT	  -5.308    0.800  444.960	 0.857  0.000  0.515	0.9599 0.1523
VT	  -5.212    0.000  444.800	 0.427  0.559 -0.711	0.6849 0.0034
VT	  -5.212    0.000  444.800	 0.857  0.000  0.515	0.9943 0.0065

IDX10	208 211 196 348 344 340 337 340 344 344
IDX10	350 337 320 323 339 339 336 320 327 332
IDX10	347 347 342 327 355 358 373 373 370 355
IDX10	377 380 365 365 362 377 360 363 357 357
IDX10	354 360 366 360 354 354 352 366 382 376
IDX10	361 361 367 382 372 375 381 381 378 372
IDX10	369 372 378 378 383 369 353 356 371 371
IDX10	368 353 359 364 379 379 374 359 387 390
IDX10	405 405 402 387 409 412 397 397 394 409
IDX10	392 395 389 389 386 392 398 392 386 386
IDX10	384 398 414 408 393 393 399 414 404 407
IDX10	413 413 410 404 401 404 410 410 415 401
IDX10	385 388 403 403 400 385 391 396 411 411
IDX10	406 391 419 422 437 437 434 419 441 444
IDX10	429 429 426 441 424 427 421 421 418 424
IDX10	430 424 418 418 416 430 446 440 425 425
IDX10	431 446 436 439 445 445 442 436 433 436
IDX10	442 442 447 433 417 420 435 435 432 417
IDX10	423 428 443 443 438 423 290 293 309 309
IDX10	306 290 314 317 301 301 298 314 296 299
IDX10	294 294 292 296 302 296 292 292 289 302
IDX10	319 313 297 297 303 319 308 311 316 316
IDX10	312 308 305 308 312 312 318 305 288 291
IDX10	307 307 304 288 295 300 315 315 310 295
IDX10	483 486 501 501 498 483 505 508 493 493
IDX10	490 505 488 491 485 485 482 488 494 488
IDX10	482 482 480 494 510 504 489 489 495 510
IDX10	500 503 509 509 506 500 497 500 506 506
IDX10	511 497 481 484 499 499 496 481 487 492
IDX10	507 507 502 487 451 454 469 469 466 451
IDX10	473 476 461 461 458 473 456 459 453 453
IDX10	450 456 462 456 450 450 448 462 478 472
IDX10	457 457 463 478 468 471 477 477 474 468
IDX10	465 468 474 474 479 465 449 452 467 467
IDX10	464 449 455 460 475 475 470 455 18 21
IDX10	5 5 2 18 14 17 39 39 36 14
IDX10	34 38 23 23 20 34 52 34 20 20
IDX10	9 52 31 13 35 35 53 31 4 6
IDX10	15 15 12 4 1 4 12 12 30 1
IDX10	8 19 3 3 0 8 22 37 16 16
IDX10	7 22 210 213 197 197 194 210 202 205
IDX10	221 221 218 202 217 220 215 215 212 217
IDX10	223 217 212 212 209 223 207 201 216 216
IDX10	222 207 195 198 203 203 200 195 192 195
IDX10	200 200 206 192 340 343 348 196 193 208
IDX10	214 219 204 204 199 214 178 181 165 165
IDX10	162 178 170 173 189 189 186 170 184 188
IDX10	183 183 180 184 190 184 180 180 177 190
IDX10	175 169 185 185 191 175 164 166 171 171
IDX10	168 164 161 164 168 168 174 161 176 179
IDX10	163 163 160 176 182 187 172 172 167 182
IDX10	146 149 133 133 130 146 138 141 157 157
IDX10	154 138 152 156 151 151 148 152 158 152
IDX10	148 148 143 158 145 137 153 153 159 145
IDX10	132 134 139 139 136 132 129 132 136 136
IDX10	144 129 142 147 131 131 128 142 150 155
IDX10	140 140 135 150 114 117 101 101 98 114
IDX10	106 109 125 125 122 106 120 124 119 119
IDX10	116 120 126 120 116 116 111 126 113 105
IDX10	121 121 127 113 100 102 107 107 104 100
IDX10	97 100 104 104 112 97 110 115 99 99
IDX10	96 110 118 123 108 108 103 118 82 85
IDX10	69 69 66 82 74 77 93 93 90 74
IDX10	88 92 87 87 84 88 94 88 84 84
IDX10	79 94 81 73 89 89 95 81 68 70
IDX10	75 75 72 68 65 68 72 72 80 65
IDX10	78 83 67 67 64 78 86 91 76 76
IDX10	71 86 329 335 351 351 345 329 324 321
IDX10	334 334 328 324 326 324 328 328 331 326
IDX10	44 29 50 50 59 44 25 10 32 32
IDX10	47 25 40 54 11 11 26 40 43 40
IDX10	26 26 28 43 57 63 55 55 41 57
IDX10	48 33 62 62 56 48 51 48 56 56
IDX10	60 51 61 58 42 42 45 61 27 24
IDX10	46 46 49 27 333 330 346 346 349 333
IDX10	341 338 322 322 325 341 281 286 282 282
IDX10	276 281 278 287 285 285 280 278 274 284
IDX10	287 287 278 274 270 261 283 283 273 270
IDX10	265 258 261 261 270 265 262 256 257 257
IDX10	264 262 268 260 256 256 262 268 276 282
IDX10	259 259 267 276 272 277 279 266 271 272
IDX10	269 263 266 269 266 272 269 272 279 269
IDX10	279 275 249 254 250 250 241 249 246 255
IDX10	253 253 248 246 244 252 255 255 246 244
IDX10	238 229 251 251 243 238 233 226 229 229
IDX10	238 233 230 224 225 225 232 230 236 228
IDX10	224 224 230 236 241 250 227 227 235 241
IDX10	242 245 247 234 239 242 237 231 234 237
IDX	234
IDX	242
IDX	237
IDX	242
IDX	247
IDX	237
IDX	247
IDX	240

ATTR_no_blend

TRIS	0 888
