I
800	# Converted by FS2XPlane 3.26
OBJ

# file GSEhajj14.bgl

TEXTURE		cargopallet.dds
TEXTURE_LIT	cargopallet_LIT.dds
POINT_COUNTS	90 0 0 162

VT	-593.816    0.836 -211.572	-0.943  0.000  0.334	0.0107 0.2430
VT	-593.816    0.836 -211.572	-0.334  0.000 -0.943	0.3832 0.5826
VT	-593.816    0.836 -211.572	-0.229 -0.726 -0.648	0.4682 0.8404
VT	-593.816    2.208 -211.572	-0.943  0.000  0.334	0.0107 0.3487
VT	-593.816    2.208 -211.572	-0.334  0.000 -0.943	0.3832 0.6852
VT	-593.816    2.208 -211.572	 0.000  1.000 -0.000	0.4636 0.9920
VT	-593.596    0.208 -210.948	-0.943  0.000  0.334	0.0619 0.1945
VT	-593.596    0.208 -210.948	-0.229 -0.726 -0.648	0.3881 0.8404
VT	-593.072    0.000 -219.736	-0.946  0.000  0.326	0.2389 0.6894
VT	-593.072    0.000 -219.736	-0.326  0.000 -0.946	0.6967 0.1938
VT	-593.072    0.628 -219.736	-0.946  0.000  0.326	0.2389 0.7368
VT	-593.072    0.628 -219.736	-0.326  0.000 -0.946	0.6967 0.2423
VT	-593.072    2.000 -219.736	-0.946  0.000  0.326	0.2389 0.8403
VT	-593.072    2.000 -219.736	-0.326  0.000 -0.946	0.6967 0.3480
VT	-593.072    2.000 -219.736	 0.000  1.000 -0.000	0.2382 0.9920
VT	-592.860    0.208 -208.876	-0.943  0.000  0.334	0.2311 0.1945
VT	-592.860    0.208 -208.876	 0.334  0.000  0.943	0.2389 0.6894
VT	-592.860    0.836 -208.876	-0.943  0.000  0.334	0.2311 0.2430
VT	-592.860    0.836 -208.876	 0.334  0.000  0.943	0.2389 0.7368
VT	-592.860    2.208 -208.876	-0.943  0.000  0.334	0.2311 0.3487
VT	-592.860    2.208 -208.876	 0.000  1.000 -0.000	0.2382 0.9920
VT	-592.860    2.208 -208.876	 0.334  0.000  0.943	0.2389 0.8403
VT	-592.452    0.000 -217.936	-0.946  0.000  0.326	0.3823 0.6894
VT	-592.452    0.000 -217.936	 0.326  0.000  0.946	0.2311 0.5178
VT	-592.452    0.628 -217.936	-0.946  0.000  0.326	0.3823 0.7368
VT	-592.452    0.628 -217.936	 0.326  0.000  0.946	0.2311 0.5663
VT	-592.452    2.000 -217.936	-0.946  0.000  0.326	0.3823 0.8403
VT	-592.452    2.000 -217.936	 0.000  1.000 -0.000	0.2382 0.8467
VT	-592.452    2.000 -217.936	 0.326  0.000  0.946	0.2311 0.6720
VT	-592.024    0.836 -212.208	-0.334  0.000 -0.943	0.2381 0.5826
VT	-592.024    0.836 -212.208	-0.229 -0.726 -0.648	0.4682 0.6950
VT	-592.024    0.836 -212.208	 0.943  0.000 -0.334	0.0107 0.5663
VT	-592.024    2.208 -212.208	-0.334  0.000 -0.943	0.2381 0.6852
VT	-592.024    2.208 -212.208	 0.000  1.000 -0.000	0.4636 0.8467
VT	-592.024    2.208 -212.208	 0.943  0.000 -0.334	0.0107 0.6720
VT	-591.984    0.836 -206.976	-0.976  0.000  0.216	0.0107 0.0832
VT	-591.984    0.836 -206.976	-0.216  0.000 -0.976	0.3832 0.5826
VT	-591.984    0.836 -206.976	-0.149 -0.726 -0.671	0.4682 0.8404
VT	-591.984    2.204 -206.976	-0.976  0.000  0.216	0.0107 0.1889
VT	-591.984    2.204 -206.976	-0.216  0.000 -0.976	0.3832 0.6852
VT	-591.984    2.204 -206.976	 0.000  1.000 -0.000	0.4636 0.9920
VT	-591.844    0.204 -206.328	-0.976  0.000  0.216	0.0619 0.0348
VT	-591.844    0.204 -206.328	-0.149 -0.726 -0.671	0.3881 0.8404
VT	-591.804    0.208 -211.580	-0.229 -0.726 -0.648	0.3881 0.6950
VT	-591.804    0.208 -211.580	 0.943  0.000 -0.334	0.0619 0.5178
VT	-591.368    0.204 -204.184	-0.976  0.000  0.216	0.2311 0.0348
VT	-591.368    0.204 -204.184	 0.216  0.000  0.976	0.2389 0.6894
VT	-591.368    0.836 -204.184	-0.976  0.000  0.216	0.2311 0.0832
VT	-591.368    0.836 -204.184	 0.216  0.000  0.976	0.2389 0.7368
VT	-591.368    2.204 -204.184	-0.976  0.000  0.216	0.2311 0.1889
VT	-591.368    2.204 -204.184	 0.000  1.000 -0.000	0.2382 0.9920
VT	-591.368    2.204 -204.184	 0.216  0.000  0.976	0.2389 0.8403
VT	-591.068    0.208 -209.512	 0.334  0.000  0.943	0.3823 0.6894
VT	-591.068    0.208 -209.512	 0.943  0.000 -0.334	0.2311 0.5178
VT	-591.068    0.836 -209.512	 0.334  0.000  0.943	0.3823 0.7368
VT	-591.068    0.836 -209.512	 0.943  0.000 -0.334	0.2311 0.5663
VT	-591.068    2.208 -209.512	 0.000  1.000 -0.000	0.2382 0.8467
VT	-591.068    2.208 -209.512	 0.334  0.000  0.943	0.3823 0.8403
VT	-591.068    2.208 -209.512	 0.943  0.000 -0.334	0.2311 0.6720
VT	-590.996    0.000 -220.448	-0.326  0.000 -0.946	0.5275 0.1938
VT	-590.996    0.000 -220.448	 0.650 -0.726 -0.224	0.3881 0.8404
VT	-590.376    0.000 -218.652	 0.326  0.000  0.946	0.0619 0.5178
VT	-590.376    0.000 -218.652	 0.650 -0.726 -0.224	0.3881 0.6950
VT	-590.368    0.628 -220.664	-0.326  0.000 -0.946	0.4763 0.2423
VT	-590.368    0.628 -220.664	 0.650 -0.726 -0.224	0.4682 0.8404
VT	-590.368    0.628 -220.664	 0.946  0.000 -0.326	0.3832 0.5826
VT	-590.368    2.000 -220.664	-0.326  0.000 -0.946	0.4763 0.3480
VT	-590.368    2.000 -220.664	 0.000  1.000 -0.000	0.4636 0.9920
VT	-590.368    2.000 -220.664	 0.946  0.000 -0.326	0.3832 0.6852
VT	-590.132    0.836 -207.388	-0.216  0.000 -0.976	0.2381 0.5826
VT	-590.132    0.836 -207.388	-0.149 -0.726 -0.671	0.4682 0.6950
VT	-590.132    0.836 -207.388	 0.976  0.000 -0.216	0.0107 0.5663
VT	-590.132    2.204 -207.388	-0.216  0.000 -0.976	0.2381 0.6852
VT	-590.132    2.204 -207.388	 0.000  1.000 -0.000	0.4636 0.8467
VT	-590.132    2.204 -207.388	 0.976  0.000 -0.216	0.0107 0.6720
VT	-589.988    0.204 -206.736	-0.149 -0.726 -0.671	0.3881 0.6950
VT	-589.988    0.204 -206.736	 0.976  0.000 -0.216	0.0619 0.5178
VT	-589.748    0.628 -218.868	 0.326  0.000  0.946	0.0107 0.5663
VT	-589.748    0.628 -218.868	 0.650 -0.726 -0.224	0.4682 0.6950
VT	-589.748    0.628 -218.868	 0.946  0.000 -0.326	0.2381 0.5826
VT	-589.748    2.000 -218.868	 0.000  1.000 -0.000	0.4636 0.8467
VT	-589.748    2.000 -218.868	 0.326  0.000  0.946	0.0107 0.6720
VT	-589.748    2.000 -218.868	 0.946  0.000 -0.326	0.2381 0.6852
VT	-589.512    0.204 -204.596	 0.216  0.000  0.976	0.3823 0.6894
VT	-589.512    0.204 -204.596	 0.976  0.000 -0.216	0.2311 0.5178
VT	-589.512    0.836 -204.596	 0.216  0.000  0.976	0.3823 0.7368
VT	-589.512    0.836 -204.596	 0.976  0.000 -0.216	0.2311 0.5663
VT	-589.512    2.204 -204.596	 0.000  1.000 -0.000	0.2382 0.8467
VT	-589.512    2.204 -204.596	 0.216  0.000  0.976	0.3823 0.8403
VT	-589.512    2.204 -204.596	 0.976  0.000 -0.216	0.2311 0.6720

IDX10	18 21 57 73 87 50 39 36 69 69
IDX10	72 39 47 45 41 35 38 49 35 49
IDX10	47 35 47 41 85 83 46 48 51 88
IDX10	48 88 85 48 85 46 71 76 84 86
IDX10	89 74 86 74 71 86 71 84 75 70
IDX10	37 37 42 75 20 5 33 33 56 20
IDX10	4 1 29 29 32 4 17 15 6 0
IDX10	3 19 0 19 17 0 17 6 54 52
IDX10	16 14 67 80 18 57 54 18 54 16
IDX10	31 44 53 55 58 34 55 34 31 55
IDX10	31 53 43 30 2 2 7 43 50 40
IDX10	73 64 60 62 62 78 64 25 77 23
IDX10	25 81 77 25 28 81 77 61 23 10
IDX10	24 8 10 26 24 10 12 26 24 22
IDX10	8 63 11 59 63 13 11 63 66 13
IDX10	11 9 59 79 82 68 68 65 79 80
IDX	27
IDX	14

ATTR_no_blend

TRIS	0 162
