I
800	# Converted by FS2XPlane 3.26
OBJ

# file GSEhajj7.bgl

TEXTURE		cargopallet.dds
TEXTURE_LIT	cargopallet_LIT.dds
POINT_COUNTS	30 0 0 54

VT	 278.792    0.000 -391.136	-0.943  0.000  0.334	0.2311 0.5178
VT	 278.792    0.000 -391.136	-0.334  0.000 -0.943	0.3823 0.6894
VT	 278.792    0.628 -391.136	-0.943  0.000  0.334	0.2311 0.5663
VT	 278.792    0.628 -391.136	-0.334  0.000 -0.943	0.3823 0.7368
VT	 278.792    2.000 -391.136	-0.943  0.000  0.334	0.2311 0.6720
VT	 278.792    2.000 -391.136	-0.334  0.000 -0.943	0.3823 0.8403
VT	 278.792    2.000 -391.136	 0.000  1.000 -0.000	0.2382 0.8467
VT	 279.524    0.000 -389.064	-0.943  0.000  0.334	0.0619 0.5178
VT	 279.524    0.000 -389.064	 0.229 -0.726  0.648	0.3881 0.6950
VT	 279.748    0.628 -388.440	-0.943  0.000  0.334	0.0107 0.5663
VT	 279.748    0.628 -388.440	 0.229 -0.726  0.648	0.4682 0.6950
VT	 279.748    0.628 -388.440	 0.334  0.000  0.943	0.2381 0.5826
VT	 279.748    2.000 -388.440	-0.943  0.000  0.334	0.0107 0.6720
VT	 279.748    2.000 -388.440	 0.000  1.000 -0.000	0.4636 0.8467
VT	 279.748    2.000 -388.440	 0.334  0.000  0.943	0.2381 0.6852
VT	 280.584    0.000 -391.768	-0.334  0.000 -0.943	0.2389 0.6894
VT	 280.584    0.000 -391.768	 0.943  0.000 -0.334	0.2311 0.0348
VT	 280.584    0.628 -391.768	-0.334  0.000 -0.943	0.2389 0.7368
VT	 280.584    0.628 -391.768	 0.943  0.000 -0.334	0.2311 0.0832
VT	 280.584    2.000 -391.768	-0.334  0.000 -0.943	0.2389 0.8403
VT	 280.584    2.000 -391.768	 0.000  1.000 -0.000	0.2382 0.9920
VT	 280.584    2.000 -391.768	 0.943  0.000 -0.334	0.2311 0.1889
VT	 281.316    0.000 -389.700	 0.229 -0.726  0.648	0.3881 0.8404
VT	 281.316    0.000 -389.700	 0.943  0.000 -0.334	0.0619 0.0348
VT	 281.540    0.628 -389.076	 0.229 -0.726  0.648	0.4682 0.8404
VT	 281.540    0.628 -389.076	 0.334  0.000  0.943	0.3832 0.5826
VT	 281.540    0.628 -389.076	 0.943  0.000 -0.334	0.0107 0.0832
VT	 281.540    2.000 -389.076	 0.000  1.000 -0.000	0.4636 0.9920
VT	 281.540    2.000 -389.076	 0.334  0.000  0.943	0.3832 0.6852
VT	 281.540    2.000 -389.076	 0.943  0.000 -0.334	0.0107 0.1889

IDX10	17 19 5 24 22 8 8 10 24 2
IDX10	9 0 2 12 9 2 4 12 9 7
IDX10	0 17 3 15 17 5 3 20 27 13
IDX10	3 1 15 26 18 23 26 21 18 26
IDX10	29 21 18 16 23 11 14 28 28 25
IDX	11
IDX	13
IDX	6
IDX	20

ATTR_no_blend

TRIS	0 54
