I
800	# Converted by FS2XPlane 3.26
OBJ

# file GSEhajj4.bgl

TEXTURE		cargopallet.dds
TEXTURE_LIT	cargopallet_LIT.dds
POINT_COUNTS	90 0 0 162

VT	 158.364    0.000 -129.392	-0.943  0.000  0.334	0.2311 0.5178
VT	 158.364    0.000 -129.392	-0.334  0.000 -0.943	0.3823 0.6894
VT	 158.364    0.628 -129.392	-0.943  0.000  0.334	0.2311 0.5663
VT	 158.364    0.628 -129.392	-0.334  0.000 -0.943	0.3823 0.7368
VT	 158.364    2.000 -129.392	-0.943  0.000  0.334	0.2311 0.6720
VT	 158.364    2.000 -129.392	-0.334  0.000 -0.943	0.3823 0.8403
VT	 158.364    2.000 -129.392	 0.000  1.000 -0.000	0.2382 0.8467
VT	 159.096    0.000 -127.320	-0.943  0.000  0.334	0.0619 0.5178
VT	 159.096    0.000 -127.320	 0.229 -0.726  0.648	0.3881 0.6950
VT	 159.316    0.628 -126.696	-0.943  0.000  0.334	0.0107 0.5663
VT	 159.316    0.628 -126.696	 0.229 -0.726  0.648	0.4682 0.6950
VT	 159.316    0.628 -126.696	 0.334  0.000  0.943	0.2381 0.5826
VT	 159.316    2.000 -126.696	-0.943  0.000  0.334	0.0107 0.6720
VT	 159.316    2.000 -126.696	 0.000  1.000 -0.000	0.4636 0.8467
VT	 159.316    2.000 -126.696	 0.334  0.000  0.943	0.2381 0.6852
VT	 160.156    0.000 -130.024	-0.334  0.000 -0.943	0.2389 0.6894
VT	 160.156    0.000 -130.024	 0.943  0.000 -0.334	0.6967 0.0351
VT	 160.156    0.628 -130.024	-0.334  0.000 -0.943	0.2389 0.7368
VT	 160.156    0.628 -130.024	 0.943  0.000 -0.334	0.6967 0.0835
VT	 160.156    2.000 -130.024	-0.334  0.000 -0.943	0.2389 0.8403
VT	 160.156    2.000 -130.024	 0.000  1.000 -0.000	0.2382 0.9920
VT	 160.156    2.000 -130.024	 0.943  0.000 -0.334	0.6967 0.1892
VT	 160.888    0.000 -127.956	 0.229 -0.726  0.648	0.3881 0.8404
VT	 160.888    0.000 -127.956	 0.943  0.000 -0.334	0.5275 0.0351
VT	 161.108    0.628 -127.328	 0.229 -0.726  0.648	0.4682 0.8404
VT	 161.108    0.628 -127.328	 0.334  0.000  0.943	0.3832 0.5826
VT	 161.108    0.628 -127.328	 0.943  0.000 -0.334	0.4763 0.0835
VT	 161.108    2.000 -127.328	 0.000  1.000 -0.000	0.4636 0.9920
VT	 161.108    2.000 -127.328	 0.334  0.000  0.943	0.3832 0.6852
VT	 161.108    2.000 -127.328	 0.943  0.000 -0.334	0.4763 0.1892
VT	 186.076    0.000  -75.616	-0.943  0.000  0.334	0.2311 0.5178
VT	 186.076    0.000  -75.616	-0.334  0.000 -0.943	0.3823 0.6894
VT	 186.076    0.628  -75.616	-0.943  0.000  0.334	0.2311 0.5663
VT	 186.076    0.628  -75.616	-0.334  0.000 -0.943	0.3823 0.7368
VT	 186.076    2.000  -75.616	-0.943  0.000  0.334	0.2311 0.6720
VT	 186.076    2.000  -75.616	-0.334  0.000 -0.943	0.3823 0.8403
VT	 186.076    2.000  -75.616	 0.000  1.000 -0.000	0.2382 0.8467
VT	 186.808    0.000  -73.548	-0.943  0.000  0.334	0.0619 0.5178
VT	 186.808    0.000  -73.548	 0.229 -0.726  0.648	0.3881 0.6950
VT	 187.032    0.628  -72.920	-0.943  0.000  0.334	0.0107 0.5663
VT	 187.032    0.628  -72.920	 0.229 -0.726  0.648	0.4682 0.6950
VT	 187.032    0.628  -72.920	 0.334  0.000  0.943	0.2381 0.5826
VT	 187.032    2.000  -72.920	-0.943  0.000  0.334	0.0107 0.6720
VT	 187.032    2.000  -72.920	 0.000  1.000 -0.000	0.4636 0.8467
VT	 187.032    2.000  -72.920	 0.334  0.000  0.943	0.2381 0.6852
VT	 187.532    0.000  -69.772	-0.760  0.000 -0.649	0.3823 0.6894
VT	 187.532    0.000  -69.772	-0.649  0.000  0.760	0.2311 0.5178
VT	 187.532    0.628  -69.772	-0.760  0.000 -0.649	0.3823 0.7368
VT	 187.532    0.628  -69.772	-0.649  0.000  0.760	0.2311 0.5663
VT	 187.532    2.000  -69.772	-0.760  0.000 -0.649	0.3823 0.8403
VT	 187.532    2.000  -69.772	-0.649  0.000  0.760	0.2311 0.6720
VT	 187.532    2.000  -69.772	 0.000  1.000 -0.000	0.2382 0.8467
VT	 187.868    0.000  -76.252	-0.334  0.000 -0.943	0.2389 0.6894
VT	 187.868    0.000  -76.252	 0.943  0.000 -0.334	0.2311 0.0348
VT	 187.868    0.628  -76.252	-0.334  0.000 -0.943	0.2389 0.7368
VT	 187.868    0.628  -76.252	 0.943  0.000 -0.334	0.2311 0.0832
VT	 187.868    2.000  -76.252	-0.334  0.000 -0.943	0.2389 0.8403
VT	 187.868    2.000  -76.252	 0.000  1.000 -0.000	0.2382 0.9920
VT	 187.868    2.000  -76.252	 0.943  0.000 -0.334	0.2311 0.1889
VT	 188.600    0.000  -74.180	 0.229 -0.726  0.648	0.3881 0.8404
VT	 188.600    0.000  -74.180	 0.943  0.000 -0.334	0.0619 0.0348
VT	 188.764    0.000  -71.216	-0.760  0.000 -0.649	0.2389 0.6894
VT	 188.764    0.000  -71.216	 0.649  0.000 -0.760	0.2311 0.1945
VT	 188.764    0.628  -71.216	-0.760  0.000 -0.649	0.2389 0.7368
VT	 188.764    0.628  -71.216	 0.649  0.000 -0.760	0.2311 0.2430
VT	 188.764    2.000  -71.216	-0.760  0.000 -0.649	0.2389 0.8403
VT	 188.764    2.000  -71.216	 0.000  1.000 -0.000	0.2382 0.9920
VT	 188.764    2.000  -71.216	 0.649  0.000 -0.760	0.2311 0.3487
VT	 188.824    0.628  -73.556	 0.229 -0.726  0.648	0.4682 0.8404
VT	 188.824    0.628  -73.556	 0.334  0.000  0.943	0.3832 0.5826
VT	 188.824    0.628  -73.556	 0.943  0.000 -0.334	0.0107 0.0832
VT	 188.824    2.000  -73.556	 0.000  1.000 -0.000	0.4636 0.9920
VT	 188.824    2.000  -73.556	 0.334  0.000  0.943	0.3832 0.6852
VT	 188.824    2.000  -73.556	 0.943  0.000 -0.334	0.0107 0.1889
VT	 189.200    0.000  -68.344	-0.649  0.000  0.760	0.0619 0.5178
VT	 189.200    0.000  -68.344	 0.523 -0.726  0.446	0.3881 0.6950
VT	 189.704    0.628  -67.912	-0.649  0.000  0.760	0.0107 0.5663
VT	 189.704    0.628  -67.912	 0.523 -0.726  0.446	0.4682 0.6950
VT	 189.704    0.628  -67.912	 0.760  0.000  0.649	0.2381 0.5826
VT	 189.704    2.000  -67.912	-0.649  0.000  0.760	0.0107 0.6720
VT	 189.704    2.000  -67.912	 0.000  1.000 -0.000	0.4636 0.8467
VT	 189.704    2.000  -67.912	 0.760  0.000  0.649	0.2381 0.6852
VT	 190.436    0.000  -69.792	 0.523 -0.726  0.446	0.3881 0.8404
VT	 190.436    0.000  -69.792	 0.649  0.000 -0.760	0.0619 0.1945
VT	 190.940    0.628  -69.360	 0.523 -0.726  0.446	0.4682 0.8404
VT	 190.940    0.628  -69.360	 0.649  0.000 -0.760	0.0107 0.2430
VT	 190.940    0.628  -69.360	 0.760  0.000  0.649	0.3832 0.5826
VT	 190.940    2.000  -69.360	 0.000  1.000 -0.000	0.4636 0.9920
VT	 190.940    2.000  -69.360	 0.649  0.000 -0.760	0.0107 0.3487
VT	 190.940    2.000  -69.360	 0.760  0.000  0.649	0.3832 0.6852

IDX10	80 51 66 66 87 80 89 86 78 38
IDX10	40 68 32 39 30 68 59 38 32 34
IDX10	42 39 37 30 32 42 39 54 35 33
IDX10	54 56 35 54 33 52 70 55 60 70
IDX10	58 55 33 31 52 55 53 60 41 44
IDX10	72 70 73 58 43 36 57 57 71 43
IDX10	72 69 41 75 77 84 48 76 46 84
IDX10	82 75 48 50 79 76 74 46 48 79
IDX10	76 63 49 47 63 65 49 63 47 61
IDX10	85 64 83 85 67 64 47 45 61 64
IDX10	62 83 78 81 89 85 88 67 13 6
IDX10	20 28 25 11 20 27 13 18 16 23
IDX10	26 29 21 11 14 28 26 18 23 3
IDX10	1 15 26 21 18 17 5 3 17 3
IDX10	15 17 19 5 2 4 12 2 12 9
IDX10	9 7 0 8 10 24 24 22 8 2
IDX	9
IDX	0

ATTR_no_blend

TRIS	0 162
