I
800	# Converted by FS2XPlane 3.26
OBJ

# file GSEhajj14.bgl

TEXTURE		GSE11.dds
TEXTURE_LIT	GSE11_LIT.dds
POINT_COUNTS	288 0 0 510

VT	-663.692    0.000 -340.324	-0.826  0.559 -0.072	0.8762 0.0034
VT	-663.692    0.000 -340.324	-0.087  0.000  0.996	0.8850 0.0065
VT	-663.608    0.000 -341.320	-0.826  0.559 -0.072	0.6849 0.0034
VT	-663.608    0.000 -341.320	 0.087  0.000 -0.996	0.9943 0.0065
VT	-663.600    0.000 -338.392	-0.829  0.559  0.022	0.6849 0.0034
VT	-663.600    0.000 -338.392	-0.026  0.000 -1.000	0.9943 0.0065
VT	-663.572    0.000 -337.392	-0.829  0.559  0.022	0.8762 0.0034
VT	-663.572    0.000 -337.392	 0.026  0.000  1.000	0.8850 0.0065
VT	-663.504    0.280 -340.308	-0.996  0.000 -0.087	0.8762 0.0570
VT	-663.504    0.280 -340.308	-0.826  0.559 -0.072	0.8762 0.0570
VT	-663.504    0.280 -340.308	-0.087  0.000  0.996	0.9194 0.0576
VT	-663.504    0.800 -340.308	-0.996  0.000 -0.087	0.8762 0.1564
VT	-663.504    0.800 -340.308	-0.087  0.000  0.996	0.9194 0.1523
VT	-663.504    0.800 -340.308	 0.000  1.000 -0.000	0.8762 0.1614
VT	-663.420    0.280 -341.304	-0.996  0.000 -0.087	0.6849 0.0570
VT	-663.420    0.280 -341.304	-0.826  0.559 -0.072	0.6849 0.0570
VT	-663.420    0.280 -341.304	 0.087  0.000 -0.996	0.9599 0.0576
VT	-663.420    0.800 -341.304	-0.996  0.000 -0.087	0.6849 0.1564
VT	-663.420    0.800 -341.304	 0.000  1.000 -0.000	0.6849 0.1614
VT	-663.420    0.800 -341.304	 0.087  0.000 -0.996	0.9599 0.1523
VT	-663.412    0.280 -338.396	-1.000  0.000  0.026	0.6849 0.0570
VT	-663.412    0.280 -338.396	-0.829  0.559  0.022	0.6849 0.0570
VT	-663.412    0.280 -338.396	-0.026  0.000 -1.000	0.9599 0.0576
VT	-663.412    0.800 -338.396	-1.000  0.000  0.026	0.6849 0.1564
VT	-663.412    0.800 -338.396	-0.026  0.000 -1.000	0.9599 0.1523
VT	-663.412    0.800 -338.396	 0.000  1.000 -0.000	0.6849 0.1614
VT	-663.384    0.280 -337.396	-1.000  0.000  0.026	0.8762 0.0570
VT	-663.384    0.280 -337.396	-0.829  0.559  0.022	0.8762 0.0570
VT	-663.384    0.280 -337.396	 0.026  0.000  1.000	0.9194 0.0576
VT	-663.384    0.800 -337.396	-1.000  0.000  0.026	0.8762 0.1564
VT	-663.384    0.800 -337.396	 0.000  1.000 -0.000	0.8762 0.1614
VT	-663.384    0.800 -337.396	 0.026  0.000  1.000	0.9194 0.1523
VT	-663.284    0.280 -340.288	-0.087  0.000  0.996	0.9599 0.0576
VT	-663.284    0.280 -340.288	 0.826  0.559  0.072	0.6849 0.0570
VT	-663.284    0.280 -340.288	 0.996  0.000  0.087	0.6849 0.0570
VT	-663.284    0.800 -340.288	-0.087  0.000  0.996	0.9599 0.1523
VT	-663.284    0.800 -340.288	 0.000  1.000 -0.000	0.8762 0.2030
VT	-663.284    0.800 -340.288	 0.996  0.000  0.087	0.6849 0.1564
VT	-663.196    0.280 -341.284	 0.087  0.000 -0.996	0.9194 0.0576
VT	-663.196    0.280 -341.284	 0.826  0.559  0.072	0.8762 0.0570
VT	-663.196    0.280 -341.284	 0.996  0.000  0.087	0.8762 0.0570
VT	-663.196    0.800 -341.284	 0.000  1.000 -0.000	0.6849 0.2030
VT	-663.196    0.800 -341.284	 0.087  0.000 -0.996	0.9194 0.1523
VT	-663.196    0.800 -341.284	 0.996  0.000  0.087	0.8762 0.1564
VT	-663.188    0.280 -338.404	-0.026  0.000 -1.000	0.9194 0.0576
VT	-663.188    0.280 -338.404	 0.829  0.559 -0.022	0.8762 0.0570
VT	-663.188    0.280 -338.404	 1.000  0.000 -0.026	0.8762 0.0570
VT	-663.188    0.800 -338.404	-0.026  0.000 -1.000	0.9194 0.1523
VT	-663.188    0.800 -338.404	 0.000  1.000 -0.000	0.6849 0.2030
VT	-663.188    0.800 -338.404	 1.000  0.000 -0.026	0.8762 0.1564
VT	-663.160    0.280 -337.404	 0.026  0.000  1.000	0.9599 0.0576
VT	-663.160    0.280 -337.404	 0.829  0.559 -0.022	0.6849 0.0570
VT	-663.160    0.280 -337.404	 1.000  0.000 -0.026	0.6849 0.0570
VT	-663.160    0.800 -337.404	 0.000  1.000 -0.000	0.8762 0.2030
VT	-663.160    0.800 -337.404	 0.026  0.000  1.000	0.9599 0.1523
VT	-663.160    0.800 -337.404	 1.000  0.000 -0.026	0.6849 0.1564
VT	-663.140    0.000 -334.312	-0.814  0.559  0.158	0.6849 0.0034
VT	-663.140    0.000 -334.312	-0.191  0.000 -0.982	0.9943 0.0065
VT	-663.096    0.000 -340.272	-0.087  0.000  0.996	0.9943 0.0065
VT	-663.096    0.000 -340.272	 0.826  0.559  0.072	0.6849 0.0034
VT	-663.008    0.000 -341.268	 0.087  0.000 -0.996	0.8850 0.0065
VT	-663.008    0.000 -341.268	 0.826  0.559  0.072	0.8762 0.0034
VT	-663.000    0.000 -338.408	-0.026  0.000 -1.000	0.8850 0.0065
VT	-663.000    0.000 -338.408	 0.829  0.559 -0.022	0.8762 0.0034
VT	-662.972    0.000 -337.408	 0.026  0.000  1.000	0.9943 0.0065
VT	-662.972    0.000 -337.408	 0.829  0.559 -0.022	0.6849 0.0034
VT	-662.956    0.280 -334.348	-0.982  0.000  0.191	0.6849 0.0570
VT	-662.956    0.280 -334.348	-0.814  0.559  0.158	0.6849 0.0570
VT	-662.956    0.280 -334.348	-0.191  0.000 -0.982	0.9599 0.0576
VT	-662.956    0.800 -334.348	-0.982  0.000  0.191	0.6849 0.1564
VT	-662.956    0.800 -334.348	-0.191  0.000 -0.982	0.9599 0.1523
VT	-662.956    0.800 -334.348	 0.000  1.000 -0.000	0.6849 0.1614
VT	-662.948    0.000 -333.328	-0.814  0.559  0.158	0.8762 0.0034
VT	-662.948    0.000 -333.328	 0.191  0.000  0.982	0.8850 0.0065
VT	-662.776    0.000 -343.568	-0.763  0.559 -0.324	0.8762 0.0034
VT	-662.776    0.000 -343.568	-0.391  0.000  0.921	0.8850 0.0065
VT	-662.764    0.280 -333.364	-0.982  0.000  0.191	0.8762 0.0570
VT	-662.764    0.280 -333.364	-0.814  0.559  0.158	0.8762 0.0570
VT	-662.764    0.280 -333.364	 0.191  0.000  0.982	0.9194 0.0576
VT	-662.764    0.800 -333.364	-0.982  0.000  0.191	0.8762 0.1564
VT	-662.764    0.800 -333.364	 0.000  1.000 -0.000	0.8762 0.1614
VT	-662.764    0.800 -333.364	 0.191  0.000  0.982	0.9194 0.1523
VT	-662.736    0.280 -334.388	-0.191  0.000 -0.982	0.9194 0.0576
VT	-662.736    0.280 -334.388	 0.814  0.559 -0.158	0.8762 0.0570
VT	-662.736    0.280 -334.388	 0.982  0.000 -0.191	0.8762 0.0570
VT	-662.736    0.800 -334.388	-0.191  0.000 -0.982	0.9194 0.1523
VT	-662.736    0.800 -334.388	 0.000  1.000 -0.000	0.6849 0.2030
VT	-662.736    0.800 -334.388	 0.982  0.000 -0.191	0.8762 0.1564
VT	-662.604    0.280 -343.492	-0.921  0.000 -0.391	0.8762 0.0570
VT	-662.604    0.280 -343.492	-0.763  0.559 -0.324	0.8762 0.0570
VT	-662.604    0.280 -343.492	-0.391  0.000  0.921	0.9194 0.0576
VT	-662.604    0.800 -343.492	-0.921  0.000 -0.391	0.8762 0.1564
VT	-662.604    0.800 -343.492	-0.391  0.000  0.921	0.9194 0.1523
VT	-662.604    0.800 -343.492	 0.000  1.000 -0.000	0.8762 0.1614
VT	-662.552    0.000 -334.424	-0.191  0.000 -0.982	0.8850 0.0065
VT	-662.552    0.000 -334.424	 0.814  0.559 -0.158	0.8762 0.0034
VT	-662.548    0.280 -333.408	 0.191  0.000  0.982	0.9599 0.0576
VT	-662.548    0.280 -333.408	 0.814  0.559 -0.158	0.6849 0.0570
VT	-662.548    0.280 -333.408	 0.982  0.000 -0.191	0.6849 0.0570
VT	-662.548    0.800 -333.408	 0.000  1.000 -0.000	0.8762 0.2030
VT	-662.548    0.800 -333.408	 0.191  0.000  0.982	0.9599 0.1523
VT	-662.548    0.800 -333.408	 0.982  0.000 -0.191	0.6849 0.1564
VT	-662.400    0.280 -343.408	-0.391  0.000  0.921	0.9599 0.0576
VT	-662.400    0.280 -343.408	 0.763  0.559  0.324	0.6849 0.0570
VT	-662.400    0.280 -343.408	 0.921  0.000  0.391	0.6849 0.0570
VT	-662.400    0.800 -343.408	-0.391  0.000  0.921	0.9599 0.1523
VT	-662.400    0.800 -343.408	 0.000  1.000 -0.000	0.8762 0.2030
VT	-662.400    0.800 -343.408	 0.921  0.000  0.391	0.6849 0.1564
VT	-662.384    0.000 -344.488	-0.763  0.559 -0.324	0.6849 0.0034
VT	-662.384    0.000 -344.488	 0.391  0.000 -0.921	0.9943 0.0065
VT	-662.360    0.000 -333.444	 0.191  0.000  0.982	0.9943 0.0065
VT	-662.360    0.000 -333.444	 0.814  0.559 -0.158	0.6849 0.0034
VT	-662.224    0.000 -343.332	-0.391  0.000  0.921	0.9943 0.0065
VT	-662.224    0.000 -343.332	 0.763  0.559  0.324	0.6849 0.0034
VT	-662.212    0.280 -344.416	-0.921  0.000 -0.391	0.6849 0.0570
VT	-662.212    0.280 -344.416	-0.763  0.559 -0.324	0.6849 0.0570
VT	-662.212    0.280 -344.416	 0.391  0.000 -0.921	0.9599 0.0576
VT	-662.212    0.800 -344.416	-0.921  0.000 -0.391	0.6849 0.1564
VT	-662.212    0.800 -344.416	 0.000  1.000 -0.000	0.6849 0.1614
VT	-662.212    0.800 -344.416	 0.391  0.000 -0.921	0.9599 0.1523
VT	-662.008    0.280 -344.328	 0.391  0.000 -0.921	0.9194 0.0576
VT	-662.008    0.280 -344.328	 0.763  0.559  0.324	0.8762 0.0570
VT	-662.008    0.280 -344.328	 0.921  0.000  0.391	0.8762 0.0570
VT	-662.008    0.800 -344.328	 0.000  1.000 -0.000	0.6849 0.2030
VT	-662.008    0.800 -344.328	 0.391  0.000 -0.921	0.9194 0.1523
VT	-662.008    0.800 -344.328	 0.921  0.000  0.391	0.8762 0.1564
VT	-661.832    0.000 -344.252	 0.391  0.000 -0.921	0.8850 0.0065
VT	-661.832    0.000 -344.252	 0.763  0.559  0.324	0.8762 0.0034
VT	-661.576    0.000 -345.580	-0.645  0.559 -0.522	0.8762 0.0034
VT	-661.576    0.000 -345.580	-0.629  0.000  0.777	0.8850 0.0065
VT	-661.432    0.280 -345.464	-0.777  0.000 -0.629	0.8762 0.0570
VT	-661.432    0.280 -345.464	-0.645  0.559 -0.522	0.8762 0.0570
VT	-661.432    0.280 -345.464	-0.629  0.000  0.777	0.9194 0.0576
VT	-661.432    0.800 -345.464	-0.777  0.000 -0.629	0.8762 0.1564
VT	-661.432    0.800 -345.464	-0.629  0.000  0.777	0.9194 0.1523
VT	-661.432    0.800 -345.464	 0.000  1.000 -0.000	0.8762 0.1614
VT	-661.256    0.280 -345.324	-0.629  0.000  0.777	0.9599 0.0576
VT	-661.256    0.280 -345.324	 0.645  0.559  0.522	0.6849 0.0570
VT	-661.256    0.280 -345.324	 0.777  0.000  0.629	0.6849 0.0570
VT	-661.256    0.800 -345.324	-0.629  0.000  0.777	0.9599 0.1523
VT	-661.256    0.800 -345.324	 0.000  1.000 -0.000	0.8762 0.2030
VT	-661.256    0.800 -345.324	 0.777  0.000  0.629	0.6849 0.1564
VT	-661.112    0.000 -345.204	-0.629  0.000  0.777	0.9943 0.0065
VT	-661.112    0.000 -345.204	 0.645  0.559  0.522	0.6849 0.0034
VT	-660.948    0.000 -346.360	-0.645  0.559 -0.522	0.6849 0.0034
VT	-660.948    0.000 -346.360	 0.629  0.000 -0.777	0.9943 0.0065
VT	-660.800    0.280 -346.240	-0.777  0.000 -0.629	0.6849 0.0570
VT	-660.800    0.280 -346.240	-0.645  0.559 -0.522	0.6849 0.0570
VT	-660.800    0.280 -346.240	 0.629  0.000 -0.777	0.9599 0.0576
VT	-660.800    0.800 -346.240	-0.777  0.000 -0.629	0.6849 0.1564
VT	-660.800    0.800 -346.240	 0.000  1.000 -0.000	0.6849 0.1614
VT	-660.800    0.800 -346.240	 0.629  0.000 -0.777	0.9599 0.1523
VT	-660.628    0.280 -346.100	 0.629  0.000 -0.777	0.9194 0.0576
VT	-660.628    0.280 -346.100	 0.645  0.559  0.522	0.8762 0.0570
VT	-660.628    0.280 -346.100	 0.777  0.000  0.629	0.8762 0.0570
VT	-660.628    0.800 -346.100	 0.000  1.000 -0.000	0.6849 0.2030
VT	-660.628    0.800 -346.100	 0.629  0.000 -0.777	0.9194 0.1523
VT	-660.628    0.800 -346.100	 0.777  0.000  0.629	0.8762 0.1564
VT	-660.480    0.000 -345.980	 0.629  0.000 -0.777	0.8850 0.0065
VT	-660.480    0.000 -345.980	 0.645  0.559  0.522	0.8762 0.0034
VT	-659.684    0.000 -348.232	-0.772  0.000  0.636	0.8850 0.0065
VT	-659.684    0.000 -348.232	-0.528  0.559 -0.640	0.8762 0.0034
VT	-659.564    0.280 -348.084	-0.772  0.000  0.636	0.9194 0.0576
VT	-659.564    0.280 -348.084	-0.636  0.000 -0.772	0.8762 0.0570
VT	-659.564    0.280 -348.084	-0.528  0.559 -0.640	0.8762 0.0570
VT	-659.564    0.800 -348.084	-0.772  0.000  0.636	0.9194 0.1523
VT	-659.564    0.800 -348.084	-0.636  0.000 -0.772	0.8762 0.1564
VT	-659.564    0.800 -348.084	 0.000  1.000 -0.000	0.8762 0.1614
VT	-659.424    0.280 -347.912	-0.772  0.000  0.636	0.9599 0.0576
VT	-659.424    0.280 -347.912	 0.528  0.559  0.640	0.6849 0.0570
VT	-659.424    0.280 -347.912	 0.636  0.000  0.772	0.6849 0.0570
VT	-659.424    0.800 -347.912	-0.772  0.000  0.636	0.9599 0.1523
VT	-659.424    0.800 -347.912	 0.000  1.000 -0.000	0.8762 0.2030
VT	-659.424    0.800 -347.912	 0.636  0.000  0.772	0.6849 0.1564
VT	-659.304    0.000 -347.768	-0.772  0.000  0.636	0.9943 0.0065
VT	-659.304    0.000 -347.768	 0.528  0.559  0.640	0.6849 0.0034
VT	-658.912    0.000 -348.868	-0.528  0.559 -0.640	0.6849 0.0034
VT	-658.912    0.000 -348.868	 0.772  0.000 -0.636	0.9943 0.0065
VT	-658.792    0.280 -348.720	-0.636  0.000 -0.772	0.6849 0.0570
VT	-658.792    0.280 -348.720	-0.528  0.559 -0.640	0.6849 0.0570
VT	-658.792    0.280 -348.720	 0.772  0.000 -0.636	0.9599 0.0576
VT	-658.792    0.800 -348.720	-0.636  0.000 -0.772	0.6849 0.1564
VT	-658.792    0.800 -348.720	 0.000  1.000 -0.000	0.6849 0.1614
VT	-658.792    0.800 -348.720	 0.772  0.000 -0.636	0.9599 0.1523
VT	-658.652    0.280 -348.548	 0.528  0.559  0.640	0.8762 0.0570
VT	-658.652    0.280 -348.548	 0.636  0.000  0.772	0.8762 0.0570
VT	-658.652    0.280 -348.548	 0.772  0.000 -0.636	0.9194 0.0576
VT	-658.652    0.800 -348.548	 0.000  1.000 -0.000	0.6849 0.2030
VT	-658.652    0.800 -348.548	 0.636  0.000  0.772	0.8762 0.1564
VT	-658.652    0.800 -348.548	 0.772  0.000 -0.636	0.9194 0.1523
VT	-658.532    0.000 -348.404	 0.528  0.559  0.640	0.8762 0.0034
VT	-658.532    0.000 -348.404	 0.772  0.000 -0.636	0.8850 0.0065
VT	-657.624    0.000 -348.860	-0.671  0.559 -0.488	0.8762 0.0034
VT	-657.624    0.000 -348.860	-0.588  0.000  0.809	0.8850 0.0065
VT	-657.472    0.280 -348.748	-0.809  0.000 -0.588	0.8762 0.0570
VT	-657.472    0.280 -348.748	-0.671  0.559 -0.488	0.8762 0.0570
VT	-657.472    0.280 -348.748	-0.588  0.000  0.809	0.9194 0.0576
VT	-657.472    0.800 -348.748	-0.809  0.000 -0.588	0.8762 0.1564
VT	-657.472    0.800 -348.748	-0.588  0.000  0.809	0.9194 0.1523
VT	-657.472    0.800 -348.748	 0.000  1.000 -0.000	0.8762 0.1614
VT	-657.292    0.280 -348.616	-0.588  0.000  0.809	0.9599 0.0576
VT	-657.292    0.280 -348.616	 0.671  0.559  0.488	0.6849 0.0570
VT	-657.292    0.280 -348.616	 0.809  0.000  0.588	0.6849 0.0570
VT	-657.292    0.800 -348.616	-0.588  0.000  0.809	0.9599 0.1523
VT	-657.292    0.800 -348.616	 0.000  1.000 -0.000	0.8762 0.2030
VT	-657.292    0.800 -348.616	 0.809  0.000  0.588	0.6849 0.1564
VT	-657.140    0.000 -348.508	-0.588  0.000  0.809	0.9943 0.0065
VT	-657.140    0.000 -348.508	 0.671  0.559  0.488	0.6849 0.0034
VT	-657.036    0.000 -349.668	-0.671  0.559 -0.488	0.6849 0.0034
VT	-657.036    0.000 -349.668	 0.588  0.000 -0.809	0.9943 0.0065
VT	-656.884    0.280 -349.556	-0.809  0.000 -0.588	0.6849 0.0570
VT	-656.884    0.280 -349.556	-0.671  0.559 -0.488	0.6849 0.0570
VT	-656.884    0.280 -349.556	 0.588  0.000 -0.809	0.9599 0.0576
VT	-656.884    0.800 -349.556	-0.809  0.000 -0.588	0.6849 0.1564
VT	-656.884    0.800 -349.556	 0.000  1.000 -0.000	0.6849 0.1614
VT	-656.884    0.800 -349.556	 0.588  0.000 -0.809	0.9599 0.1523
VT	-656.704    0.280 -349.428	 0.588  0.000 -0.809	0.9194 0.0576
VT	-656.704    0.280 -349.428	 0.671  0.559  0.488	0.8762 0.0570
VT	-656.704    0.280 -349.428	 0.809  0.000  0.588	0.8762 0.0570
VT	-656.704    0.800 -349.428	 0.000  1.000 -0.000	0.6849 0.2030
VT	-656.704    0.800 -349.428	 0.588  0.000 -0.809	0.9194 0.1523
VT	-656.704    0.800 -349.428	 0.809  0.000  0.588	0.8762 0.1564
VT	-656.552    0.000 -349.316	 0.588  0.000 -0.809	0.8850 0.0065
VT	-656.552    0.000 -349.316	 0.671  0.559  0.488	0.8762 0.0034
VT	-614.420    0.000 -259.160	-0.864  0.190  0.466	0.6419 0.0031
VT	-614.416    0.000 -259.312	-0.941  0.190 -0.281	0.6144 0.0031
VT	-614.416    0.000 -259.312	-0.941  0.190 -0.281	0.6694 0.0031
VT	-614.316    0.000 -259.048	-0.281  0.190  0.941	0.6144 0.0031
VT	-614.316    0.000 -259.048	-0.281  0.190  0.941	0.6694 0.0031
VT	-614.304    0.000 -259.420	-0.466  0.190 -0.864	0.6419 0.0031
VT	-614.276    0.800 -259.216	-0.958  0.190  0.215	0.6419 0.1586
VT	-614.276    0.800 -259.216	 0.000  1.000 -0.000	0.6406 0.1797
VT	-614.272    0.800 -259.248	-0.829  0.190 -0.526	0.6359 0.1586
VT	-614.272    0.800 -259.248	-0.829  0.190 -0.526	0.6479 0.1586
VT	-614.272    0.800 -259.248	 0.000  1.000 -0.000	0.6462 0.1774
VT	-614.252    0.800 -259.192	-0.526  0.190  0.829	0.6359 0.1586
VT	-614.252    0.800 -259.192	-0.526  0.190  0.829	0.6479 0.1586
VT	-614.252    0.800 -259.192	 0.000  1.000 -0.000	0.6351 0.1774
VT	-614.248    0.800 -259.272	-0.215  0.190 -0.958	0.6419 0.1586
VT	-614.248    0.800 -259.272	 0.000  1.000 -0.000	0.6484 0.1719
VT	-614.216    0.800 -259.272	 0.000  1.000 -0.000	0.6462 0.1664
VT	-614.216    0.800 -259.272	 0.526  0.190 -0.829	0.6359 0.1586
VT	-614.216    0.800 -259.272	 0.526  0.190 -0.829	0.6479 0.1586
VT	-614.216    0.800 -259.188	 0.000  1.000 -0.000	0.6328 0.1719
VT	-614.216    0.800 -259.188	 0.215  0.190  0.958	0.6419 0.1586
VT	-614.192    0.800 -259.248	 0.000  1.000 -0.000	0.6406 0.1641
VT	-614.192    0.800 -259.248	 0.958  0.190 -0.215	0.6419 0.1586
VT	-614.192    0.800 -259.212	 0.000  1.000 -0.000	0.6351 0.1664
VT	-614.192    0.800 -259.212	 0.829  0.190  0.526	0.6359 0.1586
VT	-614.192    0.800 -259.212	 0.829  0.190  0.526	0.6479 0.1586
VT	-614.164    0.000 -259.044	 0.466  0.190  0.864	0.6419 0.0031
VT	-614.152    0.000 -259.412	 0.281  0.190 -0.941	0.6144 0.0031
VT	-614.152    0.000 -259.412	 0.281  0.190 -0.941	0.6694 0.0031
VT	-614.052    0.000 -259.148	 0.941  0.190  0.281	0.6144 0.0031
VT	-614.052    0.000 -259.148	 0.941  0.190  0.281	0.6694 0.0031
VT	-614.044    0.000 -259.300	 0.864  0.190 -0.466	0.6419 0.0031
VT	-596.508    0.000 -224.628	-0.864  0.190  0.466	0.6419 0.0031
VT	-596.504    0.000 -224.784	-0.941  0.190 -0.281	0.6144 0.0031
VT	-596.504    0.000 -224.784	-0.941  0.190 -0.281	0.6694 0.0031
VT	-596.404    0.000 -224.516	-0.281  0.190  0.941	0.6144 0.0031
VT	-596.404    0.000 -224.516	-0.281  0.190  0.941	0.6694 0.0031
VT	-596.392    0.000 -224.888	-0.466  0.190 -0.864	0.6419 0.0031
VT	-596.360    0.800 -224.716	-0.829  0.190 -0.526	0.6359 0.1586
VT	-596.360    0.800 -224.716	-0.829  0.190 -0.526	0.6479 0.1586
VT	-596.360    0.800 -224.716	 0.000  1.000 -0.000	0.6462 0.1774
VT	-596.360    0.800 -224.684	-0.958  0.190  0.215	0.6419 0.1586
VT	-596.360    0.800 -224.684	 0.000  1.000 -0.000	0.6406 0.1797
VT	-596.340    0.800 -224.660	-0.526  0.190  0.829	0.6359 0.1586
VT	-596.340    0.800 -224.660	-0.526  0.190  0.829	0.6479 0.1586
VT	-596.340    0.800 -224.660	 0.000  1.000 -0.000	0.6351 0.1774
VT	-596.336    0.800 -224.740	-0.215  0.190 -0.958	0.6419 0.1586
VT	-596.336    0.800 -224.740	 0.000  1.000 -0.000	0.6484 0.1719
VT	-596.304    0.800 -224.740	 0.000  1.000 -0.000	0.6462 0.1664
VT	-596.304    0.800 -224.740	 0.526  0.190 -0.829	0.6359 0.1586
VT	-596.304    0.800 -224.740	 0.526  0.190 -0.829	0.6479 0.1586
VT	-596.304    0.800 -224.660	 0.000  1.000 -0.000	0.6328 0.1719
VT	-596.304    0.800 -224.660	 0.215  0.190  0.958	0.6419 0.1586
VT	-596.280    0.800 -224.716	 0.000  1.000 -0.000	0.6406 0.1641
VT	-596.280    0.800 -224.716	 0.958  0.190 -0.215	0.6419 0.1586
VT	-596.280    0.800 -224.680	 0.000  1.000 -0.000	0.6351 0.1664
VT	-596.280    0.800 -224.680	 0.829  0.190  0.526	0.6359 0.1586
VT	-596.280    0.800 -224.680	 0.829  0.190  0.526	0.6479 0.1586
VT	-596.252    0.000 -224.512	 0.466  0.190  0.864	0.6419 0.0031
VT	-596.236    0.000 -224.880	 0.281  0.190 -0.941	0.6144 0.0031
VT	-596.236    0.000 -224.880	 0.281  0.190 -0.941	0.6694 0.0031
VT	-596.140    0.000 -224.616	 0.941  0.190  0.281	0.6144 0.0031
VT	-596.140    0.000 -224.616	 0.941  0.190  0.281	0.6694 0.0031
VT	-596.132    0.000 -224.768	 0.864  0.190 -0.466	0.6419 0.0031

IDX10	240 245 247 237 231 234 247 243 237 35
IDX10	32 10 10 12 35 39 61 59 59 33
IDX10	39 16 3 60 60 38 16 19 16 38
IDX10	38 42 19 43 40 34 34 37 43 11
IDX10	8 14 14 17 11 32 58 1 2 15
IDX10	9 9 0 2 18 41 36 36 13 18
IDX10	66 69 79 79 76 66 98 101 87 87
IDX10	84 98 82 85 70 70 68 82 94 82
IDX10	68 68 57 94 111 97 83 83 95 111
IDX10	78 81 100 100 96 78 73 78 96 96
IDX10	110 73 56 67 77 77 72 56 71 86
IDX10	99 99 80 71 20 23 29 29 26 20
IDX10	52 55 49 49 46 52 44 47 24 24
IDX10	22 44 62 44 22 22 5 62 65 51
IDX10	45 45 63 65 28 31 54 54 50 28
IDX10	7 28 50 50 64 7 4 21 27 27
IDX10	6 4 25 48 53 53 30 25 272 264
IDX10	271 272 269 264 272 279 269 272 277 279
IDX10	279 275 269 269 266 264 283 273 270 270
IDX10	261 283 287 278 274 274 284 287 285 280
IDX10	278 278 287 285 282 276 281 281 286 282
IDX10	259 267 276 276 282 259 256 265 268 268
IDX10	260 256 257 262 265 265 256 257 261 270
IDX10	263 263 258 261 106 93 118 204 199 214
IDX10	214 219 204 195 192 208 208 211 195 200
IDX10	206 193 193 196 200 203 200 196 196 198
IDX10	203 217 223 207 207 201 217 212 209 222
IDX10	222 216 212 215 212 216 216 220 215 221
IDX10	218 202 202 205 221 197 194 210 210 213
IDX10	197 172 167 182 182 187 172 164 161 176
IDX10	176 179 164 168 174 160 160 162 168 171
IDX10	168 162 162 165 171 184 190 175 175 169
IDX10	184 180 177 191 191 186 180 183 180 186
IDX10	186 189 183 188 185 170 170 173 188 166
IDX10	163 178 178 181 166 233 226 229 229 238
IDX10	233 230 224 225 225 232 230 236 228 224
IDX10	224 230 236 244 250 227 227 235 244 249
IDX10	254 250 146 149 133 118 123 106 89 74
IDX10	108 108 115 89 102 112 75 75 90 102
IDX10	105 102 90 90 92 105 121 127 113 113
IDX10	103 121 116 109 126 126 120 116 119 116
IDX10	120 120 124 119 125 122 104 104 107 125
IDX10	91 88 114 114 117 91 250 244 249 246
IDX10	255 253 253 248 246 242 252 255 255 246
IDX10	242 238 229 251 251 241 238 1 10 32
IDX10	240 247 237 240 237 234 240 234 239 140
IDX10	135 150 150 155 140 131 128 144 144 147
IDX10	131 136 142 129 129 132 136 139 136 132
IDX10	132 134 139 153 159 143 143 137 153 148
IDX10	145 158 158 152 148 151 148 152 152 156
IDX10	151 157 154 138 138 141 157 133 130 146

ATTR_no_blend

TRIS	0 510
