I
800	# Converted by FS2XPlane 3.26
OBJ

# file GSEhajj9.bgl

TEXTURE		cargopallet.dds
TEXTURE_LIT	cargopallet_LIT.dds
POINT_COUNTS	120 0 0 216

VT	 359.564    0.000 -175.504	-0.943  0.000  0.334	0.2311 0.5178
VT	 359.564    0.000 -175.504	-0.334  0.000 -0.943	0.3823 0.6894
VT	 359.564    0.628 -175.504	-0.943  0.000  0.334	0.2311 0.5663
VT	 359.564    0.628 -175.504	-0.334  0.000 -0.943	0.3823 0.7368
VT	 359.564    2.000 -175.504	-0.943  0.000  0.334	0.2311 0.6720
VT	 359.564    2.000 -175.504	-0.334  0.000 -0.943	0.3823 0.8403
VT	 359.564    2.000 -175.504	 0.000  1.000 -0.000	0.2382 0.8467
VT	 360.296    0.000 -173.432	-0.943  0.000  0.334	0.0619 0.5178
VT	 360.296    0.000 -173.432	 0.229 -0.726  0.648	0.3881 0.6950
VT	 360.516    0.628 -172.808	-0.943  0.000  0.334	0.0107 0.5663
VT	 360.516    0.628 -172.808	 0.229 -0.726  0.648	0.4682 0.6950
VT	 360.516    0.628 -172.808	 0.334  0.000  0.943	0.2381 0.5826
VT	 360.516    2.000 -172.808	-0.943  0.000  0.334	0.0107 0.6720
VT	 360.516    2.000 -172.808	 0.000  1.000 -0.000	0.4636 0.8467
VT	 360.516    2.000 -172.808	 0.334  0.000  0.943	0.2381 0.6852
VT	 361.356    0.000 -176.136	-0.334  0.000 -0.943	0.2389 0.6894
VT	 361.356    0.000 -176.136	 0.943  0.000 -0.334	0.6967 0.0351
VT	 361.356    0.628 -176.136	-0.334  0.000 -0.943	0.2389 0.7368
VT	 361.356    0.628 -176.136	 0.943  0.000 -0.334	0.6967 0.0835
VT	 361.356    2.000 -176.136	-0.334  0.000 -0.943	0.2389 0.8403
VT	 361.356    2.000 -176.136	 0.000  1.000 -0.000	0.2382 0.9920
VT	 361.356    2.000 -176.136	 0.943  0.000 -0.334	0.6967 0.1892
VT	 362.088    0.000 -174.068	 0.229 -0.726  0.648	0.3881 0.8404
VT	 362.088    0.000 -174.068	 0.943  0.000 -0.334	0.5275 0.0351
VT	 362.308    0.628 -173.440	 0.229 -0.726  0.648	0.4682 0.8404
VT	 362.308    0.628 -173.440	 0.334  0.000  0.943	0.3832 0.5826
VT	 362.308    0.628 -173.440	 0.943  0.000 -0.334	0.4763 0.0835
VT	 362.308    2.000 -173.440	 0.000  1.000 -0.000	0.4636 0.9920
VT	 362.308    2.000 -173.440	 0.334  0.000  0.943	0.3832 0.6852
VT	 362.308    2.000 -173.440	 0.943  0.000 -0.334	0.4763 0.1892
VT	 365.764    0.000 -175.708	-0.943  0.000  0.334	0.2311 0.5178
VT	 365.764    0.000 -175.708	-0.334  0.000 -0.943	0.3823 0.6894
VT	 365.764    0.628 -175.708	-0.943  0.000  0.334	0.2311 0.5663
VT	 365.764    0.628 -175.708	-0.334  0.000 -0.943	0.3823 0.7368
VT	 365.764    2.000 -175.708	-0.943  0.000  0.334	0.2311 0.6720
VT	 365.764    2.000 -175.708	-0.334  0.000 -0.943	0.3823 0.8403
VT	 365.764    2.000 -175.708	 0.000  1.000 -0.000	0.2382 0.8467
VT	 366.496    0.000 -173.640	-0.943  0.000  0.334	0.0619 0.5178
VT	 366.496    0.000 -173.640	 0.229 -0.726  0.648	0.3881 0.6950
VT	 366.720    0.628 -173.016	-0.943  0.000  0.334	0.0107 0.5663
VT	 366.720    0.628 -173.016	 0.229 -0.726  0.648	0.4682 0.6950
VT	 366.720    0.628 -173.016	 0.334  0.000  0.943	0.2381 0.5826
VT	 366.720    2.000 -173.016	-0.943  0.000  0.334	0.0107 0.6720
VT	 366.720    2.000 -173.016	 0.000  1.000 -0.000	0.4636 0.8467
VT	 366.720    2.000 -173.016	 0.334  0.000  0.943	0.2381 0.6852
VT	 367.556    0.000 -176.344	-0.334  0.000 -0.943	0.2389 0.6894
VT	 367.556    0.000 -176.344	 0.943  0.000 -0.334	0.4629 0.0355
VT	 367.556    0.628 -176.344	-0.334  0.000 -0.943	0.2389 0.7368
VT	 367.556    0.628 -176.344	 0.943  0.000 -0.334	0.4629 0.0840
VT	 367.556    2.000 -176.344	-0.334  0.000 -0.943	0.2389 0.8403
VT	 367.556    2.000 -176.344	 0.000  1.000 -0.000	0.2382 0.9920
VT	 367.556    2.000 -176.344	 0.943  0.000 -0.334	0.4629 0.1897
VT	 368.288    0.000 -174.276	 0.229 -0.726  0.648	0.3881 0.8404
VT	 368.288    0.000 -174.276	 0.943  0.000 -0.334	0.2937 0.0355
VT	 368.512    0.628 -173.648	 0.229 -0.726  0.648	0.4682 0.8404
VT	 368.512    0.628 -173.648	 0.334  0.000  0.943	0.3832 0.5826
VT	 368.512    0.628 -173.648	 0.943  0.000 -0.334	0.2425 0.0840
VT	 368.512    2.000 -173.648	 0.000  1.000 -0.000	0.4636 0.9920
VT	 368.512    2.000 -173.648	 0.334  0.000  0.943	0.3832 0.6852
VT	 368.512    2.000 -173.648	 0.943  0.000 -0.334	0.2425 0.1897
VT	 394.028    0.628 -108.776	-0.921  0.000  0.391	0.4763 0.8845
VT	 394.028    0.628 -108.776	-0.391  0.000 -0.921	0.3832 0.5826
VT	 394.028    0.628 -108.776	-0.269 -0.726 -0.633	0.4682 0.8404
VT	 394.028    2.000 -108.776	-0.921  0.000  0.391	0.4763 0.9902
VT	 394.028    2.000 -108.776	-0.391  0.000 -0.921	0.3832 0.6852
VT	 394.028    2.000 -108.776	 0.000  1.000 -0.000	0.4636 0.9920
VT	 394.288    0.000 -108.164	-0.921  0.000  0.391	0.5275 0.8360
VT	 394.288    0.000 -108.164	-0.269 -0.726 -0.633	0.3881 0.8404
VT	 395.144    0.000 -106.144	-0.921  0.000  0.391	0.6967 0.8360
VT	 395.144    0.000 -106.144	 0.391  0.000  0.921	0.2389 0.6894
VT	 395.144    0.628 -106.144	-0.921  0.000  0.391	0.6967 0.8845
VT	 395.144    0.628 -106.144	 0.391  0.000  0.921	0.2389 0.7368
VT	 395.144    2.000 -106.144	-0.921  0.000  0.391	0.6967 0.9902
VT	 395.144    2.000 -106.144	 0.000  1.000 -0.000	0.2382 0.9920
VT	 395.144    2.000 -106.144	 0.391  0.000  0.921	0.2389 0.8403
VT	 395.776    0.628 -109.520	-0.391  0.000 -0.921	0.2381 0.5826
VT	 395.776    0.628 -109.520	-0.269 -0.726 -0.633	0.4682 0.6950
VT	 395.776    0.628 -109.520	 0.921  0.000 -0.391	0.0107 0.5663
VT	 395.776    2.000 -109.520	-0.391  0.000 -0.921	0.2381 0.6852
VT	 395.776    2.000 -109.520	 0.000  1.000 -0.000	0.4636 0.8467
VT	 395.776    2.000 -109.520	 0.921  0.000 -0.391	0.0107 0.6720
VT	 396.036    0.000 -108.908	-0.269 -0.726 -0.633	0.3881 0.6950
VT	 396.036    0.000 -108.908	 0.921  0.000 -0.391	0.0619 0.5178
VT	 396.896    0.000 -106.888	 0.391  0.000  0.921	0.3823 0.6894
VT	 396.896    0.000 -106.888	 0.921  0.000 -0.391	0.2311 0.5178
VT	 396.896    0.628 -106.888	 0.391  0.000  0.921	0.3823 0.7368
VT	 396.896    0.628 -106.888	 0.921  0.000 -0.391	0.2311 0.5663
VT	 396.896    2.000 -106.888	 0.000  1.000 -0.000	0.2382 0.8467
VT	 396.896    2.000 -106.888	 0.391  0.000  0.921	0.3823 0.8403
VT	 396.896    2.000 -106.888	 0.921  0.000 -0.391	0.2311 0.6720
VT	 397.456    0.628 -104.628	-0.799  0.000 -0.602	0.3832 0.5826
VT	 397.456    0.628 -104.628	-0.602  0.000  0.799	0.0107 0.2430
VT	 397.456    0.628 -104.628	-0.549 -0.726 -0.414	0.4682 0.8404
VT	 397.456    2.000 -104.628	-0.799  0.000 -0.602	0.3832 0.6852
VT	 397.456    2.000 -104.628	-0.602  0.000  0.799	0.0107 0.3487
VT	 397.456    2.000 -104.628	 0.000  1.000 -0.000	0.4636 0.9920
VT	 397.984    0.000 -104.228	-0.602  0.000  0.799	0.0619 0.1945
VT	 397.984    0.000 -104.228	-0.549 -0.726 -0.414	0.3881 0.8404
VT	 398.600    0.628 -106.144	-0.799  0.000 -0.602	0.2381 0.5826
VT	 398.600    0.628 -106.144	-0.549 -0.726 -0.414	0.4682 0.6950
VT	 398.600    0.628 -106.144	 0.602  0.000 -0.799	0.0107 0.5663
VT	 398.600    2.000 -106.144	-0.799  0.000 -0.602	0.2381 0.6852
VT	 398.600    2.000 -106.144	 0.000  1.000 -0.000	0.4636 0.8467
VT	 398.600    2.000 -106.144	 0.602  0.000 -0.799	0.0107 0.6720
VT	 399.128    0.000 -105.744	-0.549 -0.726 -0.414	0.3881 0.6950
VT	 399.128    0.000 -105.744	 0.602  0.000 -0.799	0.0619 0.5178
VT	 399.740    0.000 -102.904	-0.602  0.000  0.799	0.2311 0.1945
VT	 399.740    0.000 -102.904	 0.799  0.000  0.602	0.2389 0.6894
VT	 399.740    0.628 -102.904	-0.602  0.000  0.799	0.2311 0.2430
VT	 399.740    0.628 -102.904	 0.799  0.000  0.602	0.2389 0.7368
VT	 399.740    2.000 -102.904	-0.602  0.000  0.799	0.2311 0.3487
VT	 399.740    2.000 -102.904	 0.000  1.000 -0.000	0.2382 0.9920
VT	 399.740    2.000 -102.904	 0.799  0.000  0.602	0.2389 0.8403
VT	 400.884    0.000 -104.424	 0.602  0.000 -0.799	0.2311 0.5178
VT	 400.884    0.000 -104.424	 0.799  0.000  0.602	0.3823 0.6894
VT	 400.884    0.628 -104.424	 0.602  0.000 -0.799	0.2311 0.5663
VT	 400.884    0.628 -104.424	 0.799  0.000  0.602	0.3823 0.7368
VT	 400.884    2.000 -104.424	 0.000  1.000 -0.000	0.2382 0.8467
VT	 400.884    2.000 -104.424	 0.602  0.000 -0.799	0.2311 0.6720
VT	 400.884    2.000 -104.424	 0.799  0.000  0.602	0.3823 0.8403

IDX10	50 57 43 81 76 62 86 77 84 62
IDX10	67 81 86 89 80 77 82 84 86 80
IDX10	77 71 88 85 71 74 88 71 85 69
IDX10	60 70 66 60 72 70 85 83 69 70
IDX10	68 66 54 52 38 60 63 72 32 39
IDX10	30 32 42 39 38 40 54 39 37 30
IDX10	47 33 45 32 34 42 47 49 35 33
IDX10	31 45 47 35 33 56 51 48 56 59
IDX10	51 56 48 53 41 44 58 58 55 41
IDX10	48 46 53 8 10 24 2 9 0 24
IDX10	22 8 2 4 12 9 7 0 2 12
IDX10	9 17 5 3 17 19 5 17 3 15
IDX10	26 18 23 26 21 18 3 1 15 18
IDX10	16 23 11 14 28 26 29 21 13 6
IDX10	20 20 27 13 28 25 11 64 61 75
IDX10	79 87 73 75 78 64 92 97 104 104
IDX10	99 92 73 65 79 115 103 100 115 118
IDX10	103 115 100 113 109 116 107 109 119 116
IDX10	100 105 113 116 114 107 91 108 96 109
IDX10	112 119 91 94 110 108 106 96 91 110
IDX10	108 93 90 98 102 117 111 98 101 93
IDX	43
IDX	36
IDX	50
IDX	111
IDX	95
IDX	102

ATTR_no_blend

TRIS	0 216
