I
800	# Converted by FS2XPlane 3.26
OBJ

# file GSEhajj8.bgl

TEXTURE		cargopallet.dds
TEXTURE_LIT	cargopallet_LIT.dds
POINT_COUNTS	60 0 0 108

VT	 318.516    0.000 -283.052	-0.760  0.000 -0.649	0.3823 0.6894
VT	 318.516    0.000 -283.052	-0.649  0.000  0.760	0.2311 0.5178
VT	 318.516    0.628 -283.052	-0.760  0.000 -0.649	0.3823 0.7368
VT	 318.516    0.628 -283.052	-0.649  0.000  0.760	0.2311 0.5663
VT	 318.516    2.000 -283.052	-0.760  0.000 -0.649	0.3823 0.8403
VT	 318.516    2.000 -283.052	-0.649  0.000  0.760	0.2311 0.6720
VT	 318.516    2.000 -283.052	 0.000  1.000 -0.000	0.2382 0.8467
VT	 319.752    0.000 -284.500	-0.760  0.000 -0.649	0.2389 0.6894
VT	 319.752    0.000 -284.500	 0.649  0.000 -0.760	0.2311 0.1945
VT	 319.752    0.628 -284.500	-0.760  0.000 -0.649	0.2389 0.7368
VT	 319.752    0.628 -284.500	 0.649  0.000 -0.760	0.2311 0.2430
VT	 319.752    2.000 -284.500	-0.760  0.000 -0.649	0.2389 0.8403
VT	 319.752    2.000 -284.500	 0.000  1.000 -0.000	0.2382 0.9920
VT	 319.752    2.000 -284.500	 0.649  0.000 -0.760	0.2311 0.3487
VT	 320.188    0.000 -281.628	-0.649  0.000  0.760	0.0619 0.5178
VT	 320.188    0.000 -281.628	 0.523 -0.726  0.446	0.3881 0.6950
VT	 320.692    0.628 -281.196	-0.649  0.000  0.760	0.0107 0.5663
VT	 320.692    0.628 -281.196	 0.523 -0.726  0.446	0.4682 0.6950
VT	 320.692    0.628 -281.196	 0.760  0.000  0.649	0.2381 0.5826
VT	 320.692    2.000 -281.196	-0.649  0.000  0.760	0.0107 0.6720
VT	 320.692    2.000 -281.196	 0.000  1.000 -0.000	0.4636 0.8467
VT	 320.692    2.000 -281.196	 0.760  0.000  0.649	0.2381 0.6852
VT	 321.420    0.000 -283.072	 0.523 -0.726  0.446	0.3881 0.8404
VT	 321.420    0.000 -283.072	 0.649  0.000 -0.760	0.0619 0.1945
VT	 321.928    0.628 -282.644	 0.523 -0.726  0.446	0.4682 0.8404
VT	 321.928    0.628 -282.644	 0.649  0.000 -0.760	0.0107 0.2430
VT	 321.928    0.628 -282.644	 0.760  0.000  0.649	0.3832 0.5826
VT	 321.928    2.000 -282.644	 0.000  1.000 -0.000	0.4636 0.9920
VT	 321.928    2.000 -282.644	 0.649  0.000 -0.760	0.0107 0.3487
VT	 321.928    2.000 -282.644	 0.760  0.000  0.649	0.3832 0.6852
VT	 322.348    0.000 -280.352	-0.943  0.000  0.334	0.2311 0.5178
VT	 322.348    0.000 -280.352	-0.334  0.000 -0.943	0.3823 0.6894
VT	 322.348    0.628 -280.352	-0.943  0.000  0.334	0.2311 0.5663
VT	 322.348    0.628 -280.352	-0.334  0.000 -0.943	0.3823 0.7368
VT	 322.348    2.000 -280.352	-0.943  0.000  0.334	0.2311 0.6720
VT	 322.348    2.000 -280.352	-0.334  0.000 -0.943	0.3823 0.8403
VT	 322.348    2.000 -280.352	 0.000  1.000 -0.000	0.2382 0.8467
VT	 323.080    0.000 -278.284	-0.943  0.000  0.334	0.0619 0.5178
VT	 323.080    0.000 -278.284	 0.229 -0.726  0.648	0.3881 0.6950
VT	 323.304    0.628 -277.656	-0.943  0.000  0.334	0.0107 0.5663
VT	 323.304    0.628 -277.656	 0.229 -0.726  0.648	0.4682 0.6950
VT	 323.304    0.628 -277.656	 0.334  0.000  0.943	0.2381 0.5826
VT	 323.304    2.000 -277.656	-0.943  0.000  0.334	0.0107 0.6720
VT	 323.304    2.000 -277.656	 0.000  1.000 -0.000	0.4636 0.8467
VT	 323.304    2.000 -277.656	 0.334  0.000  0.943	0.2381 0.6852
VT	 324.140    0.000 -280.988	-0.334  0.000 -0.943	0.2389 0.6894
VT	 324.140    0.000 -280.988	 0.943  0.000 -0.334	0.6967 0.8360
VT	 324.140    0.628 -280.988	-0.334  0.000 -0.943	0.2389 0.7368
VT	 324.140    0.628 -280.988	 0.943  0.000 -0.334	0.6967 0.8845
VT	 324.140    2.000 -280.988	-0.334  0.000 -0.943	0.2389 0.8403
VT	 324.140    2.000 -280.988	 0.000  1.000 -0.000	0.2382 0.9920
VT	 324.140    2.000 -280.988	 0.943  0.000 -0.334	0.6967 0.9902
VT	 324.872    0.000 -278.916	 0.229 -0.726  0.648	0.3881 0.8404
VT	 324.872    0.000 -278.916	 0.943  0.000 -0.334	0.5275 0.8360
VT	 325.092    0.628 -278.292	 0.229 -0.726  0.648	0.4682 0.8404
VT	 325.092    0.628 -278.292	 0.334  0.000  0.943	0.3832 0.5826
VT	 325.092    0.628 -278.292	 0.943  0.000 -0.334	0.4763 0.8845
VT	 325.092    2.000 -278.292	 0.000  1.000 -0.000	0.4636 0.9920
VT	 325.092    2.000 -278.292	 0.334  0.000  0.943	0.3832 0.6852
VT	 325.092    2.000 -278.292	 0.943  0.000 -0.334	0.4763 0.9902

IDX10	47 33 45 47 35 33 12 27 20 20
IDX10	6 12 29 26 18 18 21 29 10 8
IDX10	23 25 28 13 25 13 10 25 10 23
IDX10	2 0 7 9 11 4 9 4 2 9
IDX10	2 7 16 14 1 3 5 19 3 19
IDX10	16 3 16 1 15 17 24 24 22 15
IDX10	50 57 43 43 36 50 54 52 38 38
IDX10	40 54 32 39 30 32 42 39 32 34
IDX10	42 39 37 30 58 55 41 47 49 35
IDX10	33 31 45 56 48 53 56 51 48 56
IDX	59
IDX	51
IDX	48
IDX	46
IDX	53
IDX	41
IDX	44
IDX	58

ATTR_no_blend

TRIS	0 108
