I
800	# Converted by FS2XPlane 3.26
OBJ

# file GSEhajj2.bgl

TEXTURE		cargopallet.dds
TEXTURE_LIT	cargopallet_LIT.dds
POINT_COUNTS	90 0 0 162

VT	 281.480    0.212  212.608	-0.934  0.000  0.358	0.2311 0.5178
VT	 281.480    0.212  212.608	-0.358  0.000 -0.934	0.3823 0.6894
VT	 281.480    0.844  212.608	-0.934  0.000  0.358	0.2311 0.5663
VT	 281.480    0.844  212.608	-0.358  0.000 -0.934	0.3823 0.7368
VT	 281.480    2.212  212.608	-0.934  0.000  0.358	0.2311 0.6720
VT	 281.480    2.212  212.608	-0.358  0.000 -0.934	0.3823 0.8403
VT	 281.480    2.212  212.608	 0.000  1.000 -0.000	0.2382 0.8467
VT	 282.264    0.212  214.656	-0.934  0.000  0.358	0.0619 0.5178
VT	 282.264    0.212  214.656	 0.246 -0.726  0.642	0.3881 0.6950
VT	 282.504    0.844  215.276	-0.934  0.000  0.358	0.0107 0.5663
VT	 282.504    0.844  215.276	 0.246 -0.726  0.642	0.4682 0.6950
VT	 282.504    0.844  215.276	 0.358  0.000  0.934	0.2381 0.5826
VT	 282.504    2.212  215.276	-0.934  0.000  0.358	0.0107 0.6720
VT	 282.504    2.212  215.276	 0.000  1.000 -0.000	0.4636 0.8467
VT	 282.504    2.212  215.276	 0.358  0.000  0.934	0.2381 0.6852
VT	 283.252    0.212  211.928	-0.358  0.000 -0.934	0.2389 0.6894
VT	 283.252    0.212  211.928	 0.934  0.000 -0.358	0.6967 0.6758
VT	 283.252    0.844  211.928	-0.358  0.000 -0.934	0.2389 0.7368
VT	 283.252    0.844  211.928	 0.934  0.000 -0.358	0.6967 0.7242
VT	 283.252    2.212  211.928	-0.358  0.000 -0.934	0.2389 0.8403
VT	 283.252    2.212  211.928	 0.000  1.000 -0.000	0.2382 0.9920
VT	 283.252    2.212  211.928	 0.934  0.000 -0.358	0.6967 0.8299
VT	 284.040    0.212  213.976	 0.246 -0.726  0.642	0.3881 0.8404
VT	 284.040    0.212  213.976	 0.934  0.000 -0.358	0.5275 0.6758
VT	 284.276    0.844  214.596	 0.246 -0.726  0.642	0.4682 0.8404
VT	 284.276    0.844  214.596	 0.358  0.000  0.934	0.3832 0.5826
VT	 284.276    0.844  214.596	 0.934  0.000 -0.358	0.4763 0.7242
VT	 284.276    2.212  214.596	 0.000  1.000 -0.000	0.4636 0.9920
VT	 284.276    2.212  214.596	 0.358  0.000  0.934	0.3832 0.6852
VT	 284.276    2.212  214.596	 0.934  0.000 -0.358	0.4763 0.8299
VT	 291.488    0.000  202.900	-0.943  0.000  0.334	0.2311 0.5178
VT	 291.488    0.000  202.900	-0.334  0.000 -0.943	0.3823 0.6894
VT	 291.488    0.628  202.900	-0.943  0.000  0.334	0.2311 0.5663
VT	 291.488    0.628  202.900	-0.334  0.000 -0.943	0.3823 0.7368
VT	 291.488    2.000  202.900	-0.943  0.000  0.334	0.2311 0.6720
VT	 291.488    2.000  202.900	-0.334  0.000 -0.943	0.3823 0.8403
VT	 291.488    2.000  202.900	 0.000  1.000 -0.000	0.2382 0.8467
VT	 292.224    0.000  204.968	-0.943  0.000  0.334	0.0619 0.5178
VT	 292.224    0.000  204.968	 0.229 -0.726  0.648	0.3881 0.6950
VT	 292.444    0.628  205.592	-0.943  0.000  0.334	0.0107 0.5663
VT	 292.444    0.628  205.592	 0.229 -0.726  0.648	0.4682 0.6950
VT	 292.444    0.628  205.592	 0.334  0.000  0.943	0.2381 0.5826
VT	 292.444    2.000  205.592	-0.943  0.000  0.334	0.0107 0.6720
VT	 292.444    2.000  205.592	 0.000  1.000 -0.000	0.4636 0.8467
VT	 292.444    2.000  205.592	 0.334  0.000  0.943	0.2381 0.6852
VT	 293.280    0.000  202.264	-0.334  0.000 -0.943	0.2389 0.6894
VT	 293.280    0.000  202.264	 0.943  0.000 -0.334	0.2311 0.8385
VT	 293.280    0.628  202.264	-0.334  0.000 -0.943	0.2389 0.7368
VT	 293.280    0.628  202.264	 0.943  0.000 -0.334	0.2311 0.8870
VT	 293.280    2.000  202.264	-0.334  0.000 -0.943	0.2389 0.8403
VT	 293.280    2.000  202.264	 0.000  1.000 -0.000	0.2382 0.9920
VT	 293.280    2.000  202.264	 0.943  0.000 -0.334	0.2311 0.9927
VT	 293.540    0.000  208.408	-0.995  0.000  0.105	0.2389 0.6894
VT	 293.540    0.000  208.408	-0.105  0.000 -0.995	0.2311 0.8385
VT	 293.540    0.628  208.408	-0.995  0.000  0.105	0.2389 0.7368
VT	 293.540    0.628  208.408	-0.105  0.000 -0.995	0.2311 0.8870
VT	 293.540    2.000  208.408	-0.995  0.000  0.105	0.2389 0.8403
VT	 293.540    2.000  208.408	-0.105  0.000 -0.995	0.2311 0.9927
VT	 293.540    2.000  208.408	 0.000  1.000 -0.000	0.2382 0.9920
VT	 293.740    0.000  210.300	-0.995  0.000  0.105	0.3823 0.6894
VT	 293.740    0.000  210.300	 0.105  0.000  0.995	0.2311 0.5178
VT	 293.740    0.628  210.300	-0.995  0.000  0.105	0.3823 0.7368
VT	 293.740    0.628  210.300	 0.105  0.000  0.995	0.2311 0.5663
VT	 293.740    2.000  210.300	-0.995  0.000  0.105	0.3823 0.8403
VT	 293.740    2.000  210.300	 0.000  1.000 -0.000	0.2382 0.8467
VT	 293.740    2.000  210.300	 0.105  0.000  0.995	0.2311 0.6720
VT	 294.016    0.000  204.332	 0.229 -0.726  0.648	0.3881 0.8404
VT	 294.016    0.000  204.332	 0.943  0.000 -0.334	0.0619 0.8385
VT	 294.236    0.628  204.960	 0.229 -0.726  0.648	0.4682 0.8404
VT	 294.236    0.628  204.960	 0.334  0.000  0.943	0.3832 0.5826
VT	 294.236    0.628  204.960	 0.943  0.000 -0.334	0.0107 0.8870
VT	 294.236    2.000  204.960	 0.000  1.000 -0.000	0.4636 0.9920
VT	 294.236    2.000  204.960	 0.334  0.000  0.943	0.3832 0.6852
VT	 294.236    2.000  204.960	 0.943  0.000 -0.334	0.0107 0.9927
VT	 295.724    0.000  208.180	-0.105  0.000 -0.995	0.0619 0.8385
VT	 295.724    0.000  208.180	 0.684 -0.726 -0.072	0.3881 0.8404
VT	 295.924    0.000  210.072	 0.105  0.000  0.995	0.0619 0.5178
VT	 295.924    0.000  210.072	 0.684 -0.726 -0.072	0.3881 0.6950
VT	 296.384    0.628  208.112	-0.105  0.000 -0.995	0.0107 0.8870
VT	 296.384    0.628  208.112	 0.684 -0.726 -0.072	0.4682 0.8404
VT	 296.384    0.628  208.112	 0.995  0.000 -0.105	0.3832 0.5826
VT	 296.384    2.000  208.112	-0.105  0.000 -0.995	0.0107 0.9927
VT	 296.384    2.000  208.112	 0.000  1.000 -0.000	0.4636 0.9920
VT	 296.384    2.000  208.112	 0.995  0.000 -0.105	0.3832 0.6852
VT	 296.584    0.628  210.000	 0.105  0.000  0.995	0.0107 0.5663
VT	 296.584    0.628  210.000	 0.684 -0.726 -0.072	0.4682 0.6950
VT	 296.584    0.628  210.000	 0.995  0.000 -0.105	0.2381 0.5826
VT	 296.584    2.000  210.000	 0.000  1.000 -0.000	0.4636 0.8467
VT	 296.584    2.000  210.000	 0.105  0.000  0.995	0.0107 0.6720
VT	 296.584    2.000  210.000	 0.995  0.000 -0.105	0.2381 0.6852

IDX10	54 56 63 13 6 20 28 25 11 11
IDX10	14 28 18 16 23 26 29 21 26 21
IDX10	18 26 18 23 3 1 15 17 19 5
IDX10	17 5 3 17 3 15 9 7 0 2
IDX10	4 12 2 12 9 2 9 0 8 10
IDX10	24 24 22 8 20 27 13 79 75 77
IDX10	77 85 79 62 84 60 62 88 84 62
IDX10	65 88 84 76 60 54 61 52 54 63
IDX10	61 68 66 38 61 59 52 78 55 74
IDX10	78 57 55 78 81 57 55 53 74 86
IDX10	89 83 83 80 86 87 64 58 58 82
IDX10	87 50 71 43 43 36 50 72 69 41
IDX10	41 44 72 48 46 67 70 73 51 70
IDX10	51 48 70 48 67 33 31 45 47 49
IDX10	35 47 35 33 47 33 45 39 37 30
IDX10	32 34 42 32 42 39 32 39 30 38
IDX	40
IDX	68

ATTR_no_blend

TRIS	0 162
