I
800	# Converted by FS2XPlane 3.26
OBJ

# file GSEhajj17.bgl

TEXTURE		GSE11.dds
TEXTURE_LIT	GSE11_LIT.dds
POINT_COUNTS	192 0 0 348

VT	-369.328    0.000  465.296	-0.671  0.559  0.488	0.6849 0.0034
VT	-369.328    0.000  465.296	-0.588  0.000 -0.809	0.9943 0.0065
VT	-369.176    0.280  465.184	-0.809  0.000  0.588	0.6849 0.0570
VT	-369.176    0.280  465.184	-0.671  0.559  0.488	0.6849 0.0570
VT	-369.176    0.280  465.184	-0.588  0.000 -0.809	0.9599 0.0576
VT	-369.176    0.800  465.184	-0.809  0.000  0.588	0.6849 0.1564
VT	-369.176    0.800  465.184	-0.588  0.000 -0.809	0.9599 0.1523
VT	-369.176    0.800  465.184	 0.000  1.000 -0.000	0.6849 0.1614
VT	-368.996    0.280  465.056	-0.588  0.000 -0.809	0.9194 0.0576
VT	-368.996    0.280  465.056	 0.671  0.559 -0.488	0.8762 0.0570
VT	-368.996    0.280  465.056	 0.809  0.000 -0.588	0.8762 0.0570
VT	-368.996    0.800  465.056	-0.588  0.000 -0.809	0.9194 0.1523
VT	-368.996    0.800  465.056	 0.000  1.000 -0.000	0.6849 0.2030
VT	-368.996    0.800  465.056	 0.809  0.000 -0.588	0.8762 0.1564
VT	-368.840    0.000  464.944	-0.588  0.000 -0.809	0.8850 0.0065
VT	-368.840    0.000  464.944	 0.671  0.559 -0.488	0.8762 0.0034
VT	-368.740    0.000  466.104	-0.671  0.559  0.488	0.8762 0.0034
VT	-368.740    0.000  466.104	 0.588  0.000  0.809	0.8850 0.0065
VT	-368.588    0.280  465.996	-0.809  0.000  0.588	0.8762 0.0570
VT	-368.588    0.280  465.996	-0.671  0.559  0.488	0.8762 0.0570
VT	-368.588    0.280  465.996	 0.588  0.000  0.809	0.9194 0.0576
VT	-368.588    0.800  465.996	-0.809  0.000  0.588	0.8762 0.1564
VT	-368.588    0.800  465.996	 0.000  1.000 -0.000	0.8762 0.1614
VT	-368.588    0.800  465.996	 0.588  0.000  0.809	0.9194 0.1523
VT	-368.408    0.280  465.864	 0.588  0.000  0.809	0.9599 0.0576
VT	-368.408    0.280  465.864	 0.671  0.559 -0.488	0.6849 0.0570
VT	-368.408    0.280  465.864	 0.809  0.000 -0.588	0.6849 0.0570
VT	-368.408    0.800  465.864	 0.000  1.000 -0.000	0.8762 0.2030
VT	-368.408    0.800  465.864	 0.588  0.000  0.809	0.9599 0.1523
VT	-368.408    0.800  465.864	 0.809  0.000 -0.588	0.6849 0.1564
VT	-368.252    0.000  465.752	 0.588  0.000  0.809	0.9943 0.0065
VT	-368.252    0.000  465.752	 0.671  0.559 -0.488	0.6849 0.0034
VT	-367.420    0.000  467.132	-0.649  0.000 -0.760	0.9943 0.0065
VT	-367.420    0.000  467.132	-0.631  0.559  0.539	0.6849 0.0034
VT	-367.276    0.280  467.008	-0.760  0.000  0.649	0.6849 0.0570
VT	-367.276    0.280  467.008	-0.649  0.000 -0.760	0.9599 0.0576
VT	-367.276    0.280  467.008	-0.631  0.559  0.539	0.6849 0.0570
VT	-367.276    0.800  467.008	-0.760  0.000  0.649	0.6849 0.1564
VT	-367.276    0.800  467.008	-0.649  0.000 -0.760	0.9599 0.1523
VT	-367.276    0.800  467.008	 0.000  1.000 -0.000	0.6849 0.1614
VT	-367.108    0.280  466.864	-0.649  0.000 -0.760	0.9194 0.0576
VT	-367.108    0.280  466.864	 0.631  0.559 -0.539	0.8762 0.0570
VT	-367.108    0.280  466.864	 0.760  0.000 -0.649	0.8762 0.0570
VT	-367.108    0.800  466.864	-0.649  0.000 -0.760	0.9194 0.1523
VT	-367.108    0.800  466.864	 0.000  1.000 -0.000	0.6849 0.2030
VT	-367.108    0.800  466.864	 0.760  0.000 -0.649	0.8762 0.1564
VT	-366.964    0.000  466.740	-0.649  0.000 -0.760	0.8850 0.0065
VT	-366.964    0.000  466.740	 0.631  0.559 -0.539	0.8762 0.0034
VT	-366.772    0.000  467.892	-0.631  0.559  0.539	0.8762 0.0034
VT	-366.772    0.000  467.892	 0.649  0.000  0.760	0.8850 0.0065
VT	-366.628    0.280  467.768	-0.760  0.000  0.649	0.8762 0.0570
VT	-366.628    0.280  467.768	-0.631  0.559  0.539	0.8762 0.0570
VT	-366.628    0.280  467.768	 0.649  0.000  0.760	0.9194 0.0576
VT	-366.628    0.800  467.768	-0.760  0.000  0.649	0.8762 0.1564
VT	-366.628    0.800  467.768	 0.000  1.000 -0.000	0.8762 0.1614
VT	-366.628    0.800  467.768	 0.649  0.000  0.760	0.9194 0.1523
VT	-366.460    0.280  467.624	 0.631  0.559 -0.539	0.6849 0.0570
VT	-366.460    0.280  467.624	 0.649  0.000  0.760	0.9599 0.0576
VT	-366.460    0.280  467.624	 0.760  0.000 -0.649	0.6849 0.0570
VT	-366.460    0.800  467.624	 0.000  1.000 -0.000	0.8762 0.2030
VT	-366.460    0.800  467.624	 0.649  0.000  0.760	0.9599 0.1523
VT	-366.460    0.800  467.624	 0.760  0.000 -0.649	0.6849 0.1564
VT	-366.316    0.000  467.500	 0.631  0.559 -0.539	0.6849 0.0034
VT	-366.316    0.000  467.500	 0.649  0.000  0.760	0.9943 0.0065
VT	-366.028    0.000  409.468	-0.864  0.190  0.466	0.6419 0.0031
VT	-366.024    0.000  409.316	-0.941  0.190 -0.281	0.6144 0.0031
VT	-366.024    0.000  409.316	-0.941  0.190 -0.281	0.6694 0.0031
VT	-365.924    0.000  409.580	-0.281  0.190  0.941	0.6144 0.0031
VT	-365.924    0.000  409.580	-0.281  0.190  0.941	0.6694 0.0031
VT	-365.912    0.000  409.212	-0.466  0.190 -0.864	0.6419 0.0031
VT	-365.884    0.800  409.412	-0.958  0.190  0.215	0.6419 0.1586
VT	-365.884    0.800  409.412	 0.000  1.000 -0.000	0.6406 0.1797
VT	-365.880    0.800  409.380	-0.829  0.190 -0.526	0.6359 0.1586
VT	-365.880    0.800  409.380	-0.829  0.190 -0.526	0.6479 0.1586
VT	-365.880    0.800  409.380	 0.000  1.000 -0.000	0.6462 0.1774
VT	-365.860    0.800  409.440	-0.526  0.190  0.829	0.6359 0.1586
VT	-365.860    0.800  409.440	-0.526  0.190  0.829	0.6479 0.1586
VT	-365.860    0.800  409.440	 0.000  1.000 -0.000	0.6351 0.1774
VT	-365.856    0.800  409.356	-0.215  0.190 -0.958	0.6419 0.1586
VT	-365.856    0.800  409.356	 0.000  1.000 -0.000	0.6484 0.1719
VT	-365.828    0.800  409.440	 0.000  1.000 -0.000	0.6328 0.1719
VT	-365.828    0.800  409.440	 0.215  0.190  0.958	0.6419 0.1586
VT	-365.824    0.800  409.360	 0.000  1.000 -0.000	0.6462 0.1664
VT	-365.824    0.800  409.360	 0.526  0.190 -0.829	0.6359 0.1586
VT	-365.824    0.800  409.360	 0.526  0.190 -0.829	0.6479 0.1586
VT	-365.800    0.800  409.384	 0.000  1.000 -0.000	0.6406 0.1641
VT	-365.800    0.800  409.384	 0.958  0.190 -0.215	0.6419 0.1586
VT	-365.800    0.800  409.416	 0.000  1.000 -0.000	0.6351 0.1664
VT	-365.800    0.800  409.416	 0.829  0.190  0.526	0.6359 0.1586
VT	-365.800    0.800  409.416	 0.829  0.190  0.526	0.6479 0.1586
VT	-365.772    0.000  409.584	 0.466  0.190  0.864	0.6419 0.0031
VT	-365.760    0.000  409.216	 0.281  0.190 -0.941	0.6144 0.0031
VT	-365.760    0.000  409.216	 0.281  0.190 -0.941	0.6694 0.0031
VT	-365.660    0.000  409.480	 0.941  0.190  0.281	0.6144 0.0031
VT	-365.660    0.000  409.480	 0.941  0.190  0.281	0.6694 0.0031
VT	-365.656    0.000  409.328	 0.864  0.190 -0.466	0.6419 0.0031
VT	-364.944    0.000  468.524	-0.946  0.000 -0.326	0.9943 0.0065
VT	-364.944    0.000  468.524	-0.270  0.559  0.784	0.6849 0.0034
VT	-364.884    0.280  468.344	-0.946  0.000 -0.326	0.9599 0.0576
VT	-364.884    0.280  468.344	-0.326  0.000  0.946	0.6849 0.0570
VT	-364.884    0.280  468.344	-0.270  0.559  0.784	0.6849 0.0570
VT	-364.884    0.800  468.344	-0.946  0.000 -0.326	0.9599 0.1523
VT	-364.884    0.800  468.344	-0.326  0.000  0.946	0.6849 0.1564
VT	-364.884    0.800  468.344	 0.000  1.000 -0.000	0.6849 0.1614
VT	-364.812    0.280  468.136	-0.946  0.000 -0.326	0.9194 0.0576
VT	-364.812    0.280  468.136	 0.270  0.559 -0.784	0.8762 0.0570
VT	-364.812    0.280  468.136	 0.326  0.000 -0.946	0.8762 0.0570
VT	-364.812    0.800  468.136	-0.946  0.000 -0.326	0.9194 0.1523
VT	-364.812    0.800  468.136	 0.000  1.000 -0.000	0.6849 0.2030
VT	-364.812    0.800  468.136	 0.326  0.000 -0.946	0.8762 0.1564
VT	-364.748    0.000  467.956	-0.946  0.000 -0.326	0.8850 0.0065
VT	-364.748    0.000  467.956	 0.270  0.559 -0.784	0.8762 0.0034
VT	-364.000    0.000  468.848	-0.270  0.559  0.784	0.8762 0.0034
VT	-364.000    0.000  468.848	 0.946  0.000  0.326	0.8850 0.0065
VT	-363.936    0.280  468.672	-0.326  0.000  0.946	0.8762 0.0570
VT	-363.936    0.280  468.672	-0.270  0.559  0.784	0.8762 0.0570
VT	-363.936    0.280  468.672	 0.946  0.000  0.326	0.9194 0.0576
VT	-363.936    0.800  468.672	-0.326  0.000  0.946	0.8762 0.1564
VT	-363.936    0.800  468.672	 0.000  1.000 -0.000	0.8762 0.1614
VT	-363.936    0.800  468.672	 0.946  0.000  0.326	0.9194 0.1523
VT	-363.864    0.280  468.460	 0.270  0.559 -0.784	0.6849 0.0570
VT	-363.864    0.280  468.460	 0.326  0.000 -0.946	0.6849 0.0570
VT	-363.864    0.280  468.460	 0.946  0.000  0.326	0.9599 0.0576
VT	-363.864    0.800  468.460	 0.000  1.000 -0.000	0.8762 0.2030
VT	-363.864    0.800  468.460	 0.326  0.000 -0.946	0.6849 0.1564
VT	-363.864    0.800  468.460	 0.946  0.000  0.326	0.9599 0.1523
VT	-363.804    0.000  468.284	 0.270  0.559 -0.784	0.6849 0.0034
VT	-363.804    0.000  468.284	 0.946  0.000  0.326	0.9943 0.0065
VT	-362.184    0.000  469.432	-0.993  0.000 -0.122	0.9943 0.0065
VT	-362.184    0.000  469.432	-0.101  0.559  0.823	0.6849 0.0034
VT	-362.160    0.280  469.244	-0.993  0.000 -0.122	0.9599 0.0576
VT	-362.160    0.280  469.244	-0.122  0.000  0.993	0.6849 0.0570
VT	-362.160    0.280  469.244	-0.101  0.559  0.823	0.6849 0.0570
VT	-362.160    0.800  469.244	-0.993  0.000 -0.122	0.9599 0.1523
VT	-362.160    0.800  469.244	-0.122  0.000  0.993	0.6849 0.1564
VT	-362.160    0.800  469.244	 0.000  1.000 -0.000	0.6849 0.1614
VT	-362.132    0.280  469.024	-0.993  0.000 -0.122	0.9194 0.0576
VT	-362.132    0.280  469.024	 0.101  0.559 -0.823	0.8762 0.0570
VT	-362.132    0.280  469.024	 0.122  0.000 -0.993	0.8762 0.0570
VT	-362.132    0.800  469.024	-0.993  0.000 -0.122	0.9194 0.1523
VT	-362.132    0.800  469.024	 0.000  1.000 -0.000	0.6849 0.2030
VT	-362.132    0.800  469.024	 0.122  0.000 -0.993	0.8762 0.1564
VT	-362.112    0.000  468.836	-0.993  0.000 -0.122	0.8850 0.0065
VT	-362.112    0.000  468.836	 0.101  0.559 -0.823	0.8762 0.0034
VT	-361.192    0.000  469.556	-0.101  0.559  0.823	0.8762 0.0034
VT	-361.192    0.000  469.556	 0.993  0.000  0.122	0.8850 0.0065
VT	-361.168    0.280  469.368	-0.122  0.000  0.993	0.8762 0.0570
VT	-361.168    0.280  469.368	-0.101  0.559  0.823	0.8762 0.0570
VT	-361.168    0.280  469.368	 0.993  0.000  0.122	0.9194 0.0576
VT	-361.168    0.800  469.368	-0.122  0.000  0.993	0.8762 0.1564
VT	-361.168    0.800  469.368	 0.000  1.000 -0.000	0.8762 0.1614
VT	-361.168    0.800  469.368	 0.993  0.000  0.122	0.9194 0.1523
VT	-361.140    0.280  469.148	 0.101  0.559 -0.823	0.6849 0.0570
VT	-361.140    0.280  469.148	 0.122  0.000 -0.993	0.6849 0.0570
VT	-361.140    0.280  469.148	 0.993  0.000  0.122	0.9599 0.0576
VT	-361.140    0.800  469.148	 0.000  1.000 -0.000	0.8762 0.2030
VT	-361.140    0.800  469.148	 0.122  0.000 -0.993	0.6849 0.1564
VT	-361.140    0.800  469.148	 0.993  0.000  0.122	0.9599 0.1523
VT	-361.116    0.000  468.960	 0.101  0.559 -0.823	0.6849 0.0034
VT	-361.116    0.000  468.960	 0.993  0.000  0.122	0.9943 0.0065
VT	-357.668    0.000  455.248	-0.901  0.190  0.389	0.6419 0.0031
VT	-357.648    0.000  455.096	-0.913  0.190 -0.362	0.6144 0.0031
VT	-357.648    0.000  455.096	-0.913  0.190 -0.362	0.6694 0.0031
VT	-357.572    0.000  455.368	-0.362  0.190  0.913	0.6144 0.0031
VT	-357.572    0.000  455.368	-0.362  0.190  0.913	0.6694 0.0031
VT	-357.528    0.000  455.000	-0.389  0.190 -0.901	0.6419 0.0031
VT	-357.516    0.800  455.204	-0.973  0.190  0.131	0.6419 0.1586
VT	-357.516    0.800  455.204	 0.000  1.000 -0.000	0.6328 0.1719
VT	-357.512    0.800  455.172	-0.780  0.190 -0.596	0.6359 0.1586
VT	-357.512    0.800  455.172	-0.780  0.190 -0.596	0.6479 0.1586
VT	-357.512    0.800  455.172	 0.000  1.000 -0.000	0.6351 0.1774
VT	-357.496    0.800  455.232	-0.596  0.190  0.780	0.6359 0.1586
VT	-357.496    0.800  455.232	-0.596  0.190  0.780	0.6479 0.1586
VT	-357.496    0.800  455.232	 0.000  1.000 -0.000	0.6351 0.1664
VT	-357.488    0.800  455.152	-0.131  0.190 -0.973	0.6419 0.1586
VT	-357.488    0.800  455.152	 0.000  1.000 -0.000	0.6406 0.1797
VT	-357.464    0.800  455.236	 0.000  1.000 -0.000	0.6406 0.1641
VT	-357.464    0.800  455.236	 0.131  0.190  0.973	0.6419 0.1586
VT	-357.452    0.800  455.156	 0.000  1.000 -0.000	0.6462 0.1774
VT	-357.452    0.800  455.156	 0.596  0.190 -0.780	0.6359 0.1586
VT	-357.452    0.800  455.156	 0.596  0.190 -0.780	0.6479 0.1586
VT	-357.436    0.800  455.216	 0.000  1.000 -0.000	0.6462 0.1664
VT	-357.436    0.800  455.216	 0.780  0.190  0.596	0.6359 0.1586
VT	-357.436    0.800  455.216	 0.780  0.190  0.596	0.6479 0.1586
VT	-357.432    0.800  455.180	 0.000  1.000 -0.000	0.6484 0.1719
VT	-357.432    0.800  455.180	 0.973  0.190 -0.131	0.6419 0.1586
VT	-357.420    0.000  455.384	 0.389  0.190  0.901	0.6419 0.0031
VT	-357.376    0.000  455.020	 0.362  0.190 -0.913	0.6144 0.0031
VT	-357.376    0.000  455.020	 0.362  0.190 -0.913	0.6694 0.0031
VT	-357.300    0.000  455.292	 0.913  0.190  0.362	0.6144 0.0031
VT	-357.300    0.000  455.292	 0.913  0.190  0.362	0.6694 0.0031
VT	-357.280    0.000  455.140	 0.901  0.190 -0.389	0.6419 0.0031

IDX10	24 30 17 181 178 184 181 170 178 181
IDX10	173 170 181 176 173 173 167 170 170 175
IDX10	178 189 182 185 185 191 189 186 177 183
IDX10	183 190 186 163 171 177 177 186 163 160
IDX10	166 172 172 164 160 161 168 166 166 160
IDX10	161 165 174 169 169 162 165 187 179 174
IDX10	174 165 187 191 185 180 180 188 191 82
IDX10	74 79 82 77 74 82 87 77 82 85
IDX10	87 87 80 77 77 71 74 91 83 78
IDX10	78 69 91 95 86 84 84 92 95 93
IDX10	88 86 86 95 93 90 81 89 89 94
IDX10	90 67 75 81 81 90 67 64 70 76
IDX10	76 68 64 65 72 70 70 64 65 69
IDX10	78 73 73 66 69 2 5 21 21 18
IDX10	2 26 29 13 13 10 26 8 11 6
IDX10	6 4 8 14 8 4 4 1 14 31
IDX10	25 9 9 15 31 20 23 28 28 24
IDX10	20 17 20 24 155 150 135 0 3 19
IDX10	19 16 0 7 12 27 27 22 7 34
IDX10	37 53 53 50 34 58 61 45 45 42
IDX10	58 40 43 38 38 35 40 46 40 35
IDX10	35 32 46 62 56 41 41 47 62 52
IDX10	55 60 60 57 52 49 52 57 57 63
IDX10	49 33 36 51 51 48 33 39 44 59
IDX10	59 54 39 99 102 117 117 114 99 121
IDX10	124 109 109 106 121 104 107 101 101 98
IDX10	104 110 104 98 98 96 110 126 120 105
IDX10	105 111 126 116 119 125 125 122 116 113
IDX10	116 122 122 127 113 97 100 115 115 112
IDX10	97 103 108 123 123 118 103 131 134 149
IDX10	149 146 131 153 156 141 141 138 153 136
IDX10	139 133 133 130 136 142 136 130 130 128
IDX10	142 158 152 137 137 143 158 148 151 157
IDX10	157 154 148 145 148 154 154 159 145 129
IDX	132
IDX	147
IDX	147
IDX	144
IDX	129
IDX	135
IDX	140
IDX	155

ATTR_no_blend

TRIS	0 348
