I
800	# Converted by FS2XPlane 3.26
OBJ

# file GSEhajj18.bgl

TEXTURE		cargopallet.dds
TEXTURE_LIT	cargopallet_LIT.dds
POINT_COUNTS	90 0 0 162

VT	-128.300    0.836  304.652	-0.937  0.000  0.350	0.2381 0.5826
VT	-128.300    0.836  304.652	-0.644 -0.726  0.241	0.4682 0.6950
VT	-128.300    0.836  304.652	-0.350  0.000 -0.937	0.0107 0.5663
VT	-128.300    2.208  304.652	-0.937  0.000  0.350	0.2381 0.6852
VT	-128.300    2.208  304.652	-0.350  0.000 -0.937	0.0107 0.6720
VT	-128.300    2.208  304.652	 0.000  1.000 -0.000	0.4636 0.8467
VT	-127.676    0.208  304.420	-0.644 -0.726  0.241	0.3881 0.6950
VT	-127.676    0.208  304.420	-0.350  0.000 -0.937	0.0619 0.5178
VT	-127.632    0.836  306.436	-0.937  0.000  0.350	0.3832 0.5826
VT	-127.632    0.836  306.436	-0.644 -0.726  0.241	0.4682 0.8404
VT	-127.632    0.836  306.436	 0.350  0.000  0.937	0.0107 0.2430
VT	-127.632    2.208  306.436	-0.937  0.000  0.350	0.3832 0.6852
VT	-127.632    2.208  306.436	 0.000  1.000 -0.000	0.4636 0.9920
VT	-127.632    2.208  306.436	 0.350  0.000  0.937	0.0107 0.3487
VT	-127.540    0.628  309.416	-0.946  0.000  0.326	0.2381 0.5826
VT	-127.540    0.628  309.416	-0.650 -0.726  0.224	0.4682 0.6950
VT	-127.540    0.628  309.416	-0.326  0.000 -0.946	0.0107 0.5663
VT	-127.540    2.000  309.416	-0.946  0.000  0.326	0.2381 0.6852
VT	-127.540    2.000  309.416	-0.326  0.000 -0.946	0.0107 0.6720
VT	-127.540    2.000  309.416	 0.000  1.000 -0.000	0.4636 0.8467
VT	-127.012    0.208  306.200	-0.644 -0.726  0.241	0.3881 0.8404
VT	-127.012    0.208  306.200	 0.350  0.000  0.937	0.0619 0.1945
VT	-126.924    0.628  311.212	-0.946  0.000  0.326	0.3832 0.5826
VT	-126.924    0.628  311.212	-0.650 -0.726  0.224	0.4682 0.8404
VT	-126.924    0.628  311.212	 0.326  0.000  0.946	0.4763 0.2423
VT	-126.924    2.000  311.212	-0.946  0.000  0.326	0.3832 0.6852
VT	-126.924    2.000  311.212	 0.000  1.000 -0.000	0.4636 0.9920
VT	-126.924    2.000  311.212	 0.326  0.000  0.946	0.4763 0.3480
VT	-126.912    0.000  309.200	-0.650 -0.726  0.224	0.3881 0.6950
VT	-126.912    0.000  309.200	-0.326  0.000 -0.946	0.0619 0.5178
VT	-126.296    0.000  310.996	-0.650 -0.726  0.224	0.3881 0.8404
VT	-126.296    0.000  310.996	 0.326  0.000  0.946	0.5275 0.1938
VT	-125.620    0.208  303.652	-0.350  0.000 -0.937	0.2311 0.5178
VT	-125.620    0.208  303.652	 0.937  0.000 -0.350	0.3823 0.6894
VT	-125.620    0.836  303.652	-0.350  0.000 -0.937	0.2311 0.5663
VT	-125.620    0.836  303.652	 0.937  0.000 -0.350	0.3823 0.7368
VT	-125.620    2.208  303.652	-0.350  0.000 -0.937	0.2311 0.6720
VT	-125.620    2.208  303.652	 0.000  1.000 -0.000	0.2382 0.8467
VT	-125.620    2.208  303.652	 0.937  0.000 -0.350	0.3823 0.8403
VT	-124.956    0.208  305.432	 0.350  0.000  0.937	0.2311 0.1945
VT	-124.956    0.208  305.432	 0.937  0.000 -0.350	0.2389 0.6894
VT	-124.956    0.836  305.432	 0.350  0.000  0.937	0.2311 0.2430
VT	-124.956    0.836  305.432	 0.937  0.000 -0.350	0.2389 0.7368
VT	-124.956    2.208  305.432	 0.000  1.000 -0.000	0.2382 0.9920
VT	-124.956    2.208  305.432	 0.350  0.000  0.937	0.2311 0.3487
VT	-124.956    2.208  305.432	 0.937  0.000 -0.350	0.2389 0.8403
VT	-124.836    0.000  308.484	-0.326  0.000 -0.946	0.2311 0.5178
VT	-124.836    0.000  308.484	 0.946  0.000 -0.326	0.3823 0.6894
VT	-124.836    0.628  308.484	-0.326  0.000 -0.946	0.2311 0.5663
VT	-124.836    0.628  308.484	 0.946  0.000 -0.326	0.3823 0.7368
VT	-124.836    2.000  308.484	-0.326  0.000 -0.946	0.2311 0.6720
VT	-124.836    2.000  308.484	 0.000  1.000 -0.000	0.2382 0.8467
VT	-124.836    2.000  308.484	 0.946  0.000 -0.326	0.3823 0.8403
VT	-124.220    0.000  310.280	 0.326  0.000  0.946	0.6967 0.1938
VT	-124.220    0.000  310.280	 0.946  0.000 -0.326	0.2389 0.6894
VT	-124.220    0.628  310.280	 0.326  0.000  0.946	0.6967 0.2423
VT	-124.220    0.628  310.280	 0.946  0.000 -0.326	0.2389 0.7368
VT	-124.220    2.000  310.280	 0.000  1.000 -0.000	0.2382 0.9920
VT	-124.220    2.000  310.280	 0.326  0.000  0.946	0.6967 0.3480
VT	-124.220    2.000  310.280	 0.946  0.000 -0.326	0.2389 0.8403
VT	-123.512    0.836  302.676	-0.972  0.000  0.233	0.2381 0.5826
VT	-123.512    0.836  302.676	-0.668 -0.726  0.160	0.4682 0.6950
VT	-123.512    0.836  302.676	-0.233  0.000 -0.972	0.0107 0.5663
VT	-123.512    2.204  302.676	-0.972  0.000  0.233	0.2381 0.6852
VT	-123.512    2.204  302.676	-0.233  0.000 -0.972	0.0107 0.6720
VT	-123.512    2.204  302.676	 0.000  1.000 -0.000	0.4636 0.8467
VT	-123.068    0.836  304.524	-0.972  0.000  0.233	0.3832 0.5826
VT	-123.068    0.836  304.524	-0.668 -0.726  0.160	0.4682 0.8404
VT	-123.068    0.836  304.524	 0.233  0.000  0.972	0.0107 0.0832
VT	-123.068    2.204  304.524	-0.972  0.000  0.233	0.3832 0.6852
VT	-123.068    2.204  304.524	 0.000  1.000 -0.000	0.4636 0.9920
VT	-123.068    2.204  304.524	 0.233  0.000  0.972	0.0107 0.1889
VT	-122.864    0.204  302.520	-0.668 -0.726  0.160	0.3881 0.6950
VT	-122.864    0.204  302.520	-0.233  0.000 -0.972	0.0619 0.5178
VT	-122.424    0.204  304.368	-0.668 -0.726  0.160	0.3881 0.8404
VT	-122.424    0.204  304.368	 0.233  0.000  0.972	0.0619 0.0348
VT	-120.732    0.204  302.008	-0.233  0.000 -0.972	0.2311 0.5178
VT	-120.732    0.204  302.008	 0.972  0.000 -0.233	0.3823 0.6894
VT	-120.732    0.836  302.008	-0.233  0.000 -0.972	0.2311 0.5663
VT	-120.732    0.836  302.008	 0.972  0.000 -0.233	0.3823 0.7368
VT	-120.732    2.204  302.008	-0.233  0.000 -0.972	0.2311 0.6720
VT	-120.732    2.204  302.008	 0.000  1.000 -0.000	0.2382 0.8467
VT	-120.732    2.204  302.008	 0.972  0.000 -0.233	0.3823 0.8403
VT	-120.288    0.204  303.856	 0.233  0.000  0.972	0.2311 0.0348
VT	-120.288    0.204  303.856	 0.972  0.000 -0.233	0.2389 0.6894
VT	-120.288    0.836  303.856	 0.233  0.000  0.972	0.2311 0.0832
VT	-120.288    0.836  303.856	 0.972  0.000 -0.233	0.2389 0.7368
VT	-120.288    2.204  303.856	 0.000  1.000 -0.000	0.2382 0.9920
VT	-120.288    2.204  303.856	 0.233  0.000  0.972	0.2311 0.1889
VT	-120.288    2.204  303.856	 0.972  0.000 -0.233	0.2389 0.8403

IDX10	16 29 46 56 49 54 56 52 49 56
IDX10	59 52 49 47 54 24 55 31 24 58
IDX10	55 24 27 58 55 53 31 14 17 25
IDX10	25 22 14 19 51 57 57 26 19 67
IDX10	74 72 72 61 67 78 62 76 78 64
IDX10	62 78 80 64 62 73 76 86 79 84
IDX10	86 82 79 86 89 82 79 77 84 68
IDX10	85 75 68 88 85 68 71 88 85 83
IDX10	75 60 63 69 69 66 60 65 81 87
IDX10	87 70 65 9 20 6 6 1 9 34
IDX10	2 32 34 4 2 34 36 4 2 7
IDX10	32 42 35 40 42 38 35 42 45 38
IDX10	35 33 40 10 41 21 10 44 41 10
IDX10	13 44 41 39 21 0 3 11 11 8
IDX10	0 5 37 43 43 12 5 48 50 18
IDX10	48 18 16 48 16 46 28 15 23 23
IDX	30
IDX	28

ATTR_no_blend

TRIS	0 162
