I
800	# Converted by FS2XPlane 3.26
OBJ

# file GSEhajj15.bgl

TEXTURE		cargopallet.dds
TEXTURE_LIT	cargopallet_LIT.dds
POINT_COUNTS	300 0 0 540

VT	-551.384    0.000  -76.380	-0.951  0.000  0.309	0.2311 0.5178
VT	-551.384    0.000  -76.380	-0.309  0.000 -0.951	0.3823 0.6894
VT	-551.384    0.628  -76.380	-0.951  0.000  0.309	0.2311 0.5663
VT	-551.384    0.628  -76.380	-0.309  0.000 -0.951	0.3823 0.7368
VT	-551.384    2.000  -76.380	-0.951  0.000  0.309	0.2311 0.6720
VT	-551.384    2.000  -76.380	-0.309  0.000 -0.951	0.3823 0.8403
VT	-551.384    2.000  -76.380	 0.000  1.000 -0.000	0.2382 0.8467
VT	-550.708    0.000  -74.292	-0.951  0.000  0.309	0.0619 0.5178
VT	-550.708    0.000  -74.292	 0.212 -0.726  0.654	0.3881 0.6950
VT	-550.504    0.628  -73.660	-0.951  0.000  0.309	0.0107 0.5663
VT	-550.504    0.628  -73.660	 0.212 -0.726  0.654	0.4682 0.6950
VT	-550.504    0.628  -73.660	 0.309  0.000  0.951	0.2381 0.5826
VT	-550.504    2.000  -73.660	-0.951  0.000  0.309	0.0107 0.6720
VT	-550.504    2.000  -73.660	 0.000  1.000 -0.000	0.4636 0.8467
VT	-550.504    2.000  -73.660	 0.309  0.000  0.951	0.2381 0.6852
VT	-550.092    0.000  -71.640	-0.924  0.000  0.383	0.2311 0.5178
VT	-550.092    0.000  -71.640	-0.383  0.000 -0.924	0.3823 0.6894
VT	-550.092    0.628  -71.640	-0.924  0.000  0.383	0.2311 0.5663
VT	-550.092    0.628  -71.640	-0.383  0.000 -0.924	0.3823 0.7368
VT	-550.092    2.000  -71.640	-0.924  0.000  0.383	0.2311 0.6720
VT	-550.092    2.000  -71.640	-0.383  0.000 -0.924	0.3823 0.8403
VT	-550.092    2.000  -71.640	 0.000  1.000 -0.000	0.2382 0.8467
VT	-550.048    0.000  -86.628	-0.951  0.000  0.309	0.2311 0.5178
VT	-550.048    0.000  -86.628	-0.309  0.000 -0.951	0.3823 0.6894
VT	-550.048    0.628  -86.628	-0.951  0.000  0.309	0.2311 0.5663
VT	-550.048    0.628  -86.628	-0.309  0.000 -0.951	0.3823 0.7368
VT	-550.048    2.000  -86.628	-0.951  0.000  0.309	0.2311 0.6720
VT	-550.048    2.000  -86.628	-0.309  0.000 -0.951	0.3823 0.8403
VT	-550.048    2.000  -86.628	 0.000  1.000 -0.000	0.2382 0.8467
VT	-549.580    0.000  -76.968	-0.309  0.000 -0.951	0.2389 0.6894
VT	-549.580    0.000  -76.968	 0.951  0.000 -0.309	0.2311 0.3535
VT	-549.580    0.628  -76.968	-0.309  0.000 -0.951	0.2389 0.7368
VT	-549.580    0.628  -76.968	 0.951  0.000 -0.309	0.2311 0.4020
VT	-549.580    2.000  -76.968	-0.309  0.000 -0.951	0.2389 0.8403
VT	-549.580    2.000  -76.968	 0.000  1.000 -0.000	0.2382 0.9920
VT	-549.580    2.000  -76.968	 0.951  0.000 -0.309	0.2311 0.5077
VT	-549.368    0.000  -84.540	-0.951  0.000  0.309	0.0619 0.5178
VT	-549.368    0.000  -84.540	 0.212 -0.726  0.654	0.3881 0.6950
VT	-549.252    0.000  -69.612	-0.924  0.000  0.383	0.0619 0.5178
VT	-549.252    0.000  -69.612	 0.263 -0.726  0.635	0.3881 0.6950
VT	-549.164    0.628  -83.908	-0.951  0.000  0.309	0.0107 0.5663
VT	-549.164    0.628  -83.908	 0.212 -0.726  0.654	0.4682 0.6950
VT	-549.164    0.628  -83.908	 0.309  0.000  0.951	0.2381 0.5826
VT	-549.164    2.000  -83.908	-0.951  0.000  0.309	0.0107 0.6720
VT	-549.164    2.000  -83.908	 0.000  1.000 -0.000	0.4636 0.8467
VT	-549.164    2.000  -83.908	 0.309  0.000  0.951	0.2381 0.6852
VT	-548.996    0.628  -68.996	-0.924  0.000  0.383	0.0107 0.5663
VT	-548.996    0.628  -68.996	 0.263 -0.726  0.635	0.4682 0.6950
VT	-548.996    0.628  -68.996	 0.383  0.000  0.924	0.2381 0.5826
VT	-548.996    2.000  -68.996	-0.924  0.000  0.383	0.0107 0.6720
VT	-548.996    2.000  -68.996	 0.000  1.000 -0.000	0.4636 0.8467
VT	-548.996    2.000  -68.996	 0.383  0.000  0.924	0.2381 0.6852
VT	-548.900    0.000  -74.880	 0.212 -0.726  0.654	0.3881 0.8404
VT	-548.900    0.000  -74.880	 0.951  0.000 -0.309	0.0619 0.3535
VT	-548.696    0.628  -74.248	 0.212 -0.726  0.654	0.4682 0.8404
VT	-548.696    0.628  -74.248	 0.309  0.000  0.951	0.3832 0.5826
VT	-548.696    0.628  -74.248	 0.951  0.000 -0.309	0.0107 0.4020
VT	-548.696    2.000  -74.248	 0.000  1.000 -0.000	0.4636 0.9920
VT	-548.696    2.000  -74.248	 0.309  0.000  0.951	0.3832 0.6852
VT	-548.696    2.000  -74.248	 0.951  0.000 -0.309	0.0107 0.5077
VT	-548.336    0.000  -72.368	-0.383  0.000 -0.924	0.2389 0.6894
VT	-548.336    0.000  -72.368	 0.924  0.000 -0.383	0.2311 0.8385
VT	-548.336    0.628  -72.368	-0.383  0.000 -0.924	0.2389 0.7368
VT	-548.336    0.628  -72.368	 0.924  0.000 -0.383	0.2311 0.8870
VT	-548.336    2.000  -72.368	-0.383  0.000 -0.924	0.2389 0.8403
VT	-548.336    2.000  -72.368	 0.000  1.000 -0.000	0.2382 0.9920
VT	-548.336    2.000  -72.368	 0.924  0.000 -0.383	0.2311 0.9927
VT	-548.240    0.000  -87.216	-0.309  0.000 -0.951	0.2389 0.6894
VT	-548.240    0.000  -87.216	 0.951  0.000 -0.309	0.6967 0.0351
VT	-548.240    0.000  -67.004	-0.997  0.000  0.078	0.2311 0.5178
VT	-548.240    0.000  -67.004	-0.078  0.000 -0.997	0.3823 0.6894
VT	-548.240    0.628  -87.216	-0.309  0.000 -0.951	0.2389 0.7368
VT	-548.240    0.628  -87.216	 0.951  0.000 -0.309	0.6967 0.0835
VT	-548.240    0.628  -67.004	-0.997  0.000  0.078	0.2311 0.5663
VT	-548.240    0.628  -67.004	-0.078  0.000 -0.997	0.3823 0.7368
VT	-548.240    2.000  -87.216	-0.309  0.000 -0.951	0.2389 0.8403
VT	-548.240    2.000  -87.216	 0.000  1.000 -0.000	0.2382 0.9920
VT	-548.240    2.000  -87.216	 0.951  0.000 -0.309	0.6967 0.1892
VT	-548.240    2.000  -67.004	-0.997  0.000  0.078	0.2311 0.6720
VT	-548.240    2.000  -67.004	-0.078  0.000 -0.997	0.3823 0.8403
VT	-548.240    2.000  -67.004	 0.000  1.000 -0.000	0.2382 0.8467
VT	-548.068    0.000  -64.812	-0.997  0.000  0.078	0.0619 0.5178
VT	-548.068    0.000  -64.812	 0.054 -0.726  0.685	0.3881 0.6950
VT	-548.016    0.628  -64.152	-0.997  0.000  0.078	0.0107 0.5663
VT	-548.016    0.628  -64.152	 0.054 -0.726  0.685	0.4682 0.6950
VT	-548.016    0.628  -64.152	 0.078  0.000  0.997	0.2381 0.5826
VT	-548.016    2.000  -64.152	-0.997  0.000  0.078	0.0107 0.6720
VT	-548.016    2.000  -64.152	 0.000  1.000 -0.000	0.4636 0.8467
VT	-548.016    2.000  -64.152	 0.078  0.000  0.997	0.2381 0.6852
VT	-547.560    0.000  -85.128	 0.212 -0.726  0.654	0.3881 0.8404
VT	-547.560    0.000  -85.128	 0.951  0.000 -0.309	0.5275 0.0351
VT	-547.496    0.000  -70.340	 0.263 -0.726  0.635	0.3881 0.8404
VT	-547.496    0.000  -70.340	 0.924  0.000 -0.383	0.0619 0.8385
VT	-547.356    0.628  -84.496	 0.212 -0.726  0.654	0.4682 0.8404
VT	-547.356    0.628  -84.496	 0.309  0.000  0.951	0.3832 0.5826
VT	-547.356    0.628  -84.496	 0.951  0.000 -0.309	0.4763 0.0835
VT	-547.356    2.000  -84.496	 0.000  1.000 -0.000	0.4636 0.9920
VT	-547.356    2.000  -84.496	 0.309  0.000  0.951	0.3832 0.6852
VT	-547.356    2.000  -84.496	 0.951  0.000 -0.309	0.4763 0.1892
VT	-547.240    0.628  -69.724	 0.263 -0.726  0.635	0.4682 0.8404
VT	-547.240    0.628  -69.724	 0.383  0.000  0.924	0.3832 0.5826
VT	-547.240    0.628  -69.724	 0.924  0.000 -0.383	0.0107 0.8870
VT	-547.240    2.000  -69.724	 0.000  1.000 -0.000	0.4636 0.9920
VT	-547.240    2.000  -69.724	 0.383  0.000  0.924	0.3832 0.6852
VT	-547.240    2.000  -69.724	 0.924  0.000 -0.383	0.0107 0.9927
VT	-546.344    0.000  -67.152	-0.078  0.000 -0.997	0.2389 0.6894
VT	-546.344    0.000  -67.152	 0.997  0.000 -0.078	0.2311 0.6765
VT	-546.344    0.628  -67.152	-0.078  0.000 -0.997	0.2389 0.7368
VT	-546.344    0.628  -67.152	 0.997  0.000 -0.078	0.2311 0.7249
VT	-546.344    2.000  -67.152	-0.078  0.000 -0.997	0.2389 0.8403
VT	-546.344    2.000  -67.152	 0.000  1.000 -0.000	0.2382 0.9920
VT	-546.344    2.000  -67.152	 0.997  0.000 -0.078	0.2311 0.8306
VT	-546.172    0.000  -64.964	 0.054 -0.726  0.685	0.3881 0.8404
VT	-546.172    0.000  -64.964	 0.997  0.000 -0.078	0.0619 0.6765
VT	-546.160    0.000  -77.404	-0.974  0.000  0.225	0.2311 0.5178
VT	-546.160    0.000  -77.404	-0.225  0.000 -0.974	0.3823 0.6894
VT	-546.160    0.628  -77.404	-0.974  0.000  0.225	0.2311 0.5663
VT	-546.160    0.628  -77.404	-0.225  0.000 -0.974	0.3823 0.7368
VT	-546.160    2.000  -77.404	-0.974  0.000  0.225	0.2311 0.6720
VT	-546.160    2.000  -77.404	-0.225  0.000 -0.974	0.3823 0.8403
VT	-546.160    2.000  -77.404	 0.000  1.000 -0.000	0.2382 0.8467
VT	-546.120    0.628  -64.300	 0.054 -0.726  0.685	0.4682 0.8404
VT	-546.120    0.628  -64.300	 0.078  0.000  0.997	0.3832 0.5826
VT	-546.120    0.628  -64.300	 0.997  0.000 -0.078	0.0107 0.7249
VT	-546.120    2.000  -64.300	 0.000  1.000 -0.000	0.4636 0.9920
VT	-546.120    2.000  -64.300	 0.078  0.000  0.997	0.3832 0.6852
VT	-546.120    2.000  -64.300	 0.997  0.000 -0.078	0.0107 0.8306
VT	-545.964    0.000  -72.800	-0.959  0.000  0.284	0.2311 0.5178
VT	-545.964    0.000  -72.800	-0.284  0.000 -0.959	0.3823 0.6894
VT	-545.964    0.628  -72.800	-0.959  0.000  0.284	0.2311 0.5663
VT	-545.964    0.628  -72.800	-0.284  0.000 -0.959	0.3823 0.7368
VT	-545.964    2.000  -72.800	-0.959  0.000  0.284	0.2311 0.6720
VT	-545.964    2.000  -72.800	-0.284  0.000 -0.959	0.3823 0.8403
VT	-545.964    2.000  -72.800	 0.000  1.000 -0.000	0.2382 0.8467
VT	-545.668    0.000  -75.264	-0.974  0.000  0.225	0.0619 0.5178
VT	-545.668    0.000  -75.264	 0.155 -0.726  0.670	0.3881 0.6950
VT	-545.520    0.628  -74.616	-0.974  0.000  0.225	0.0107 0.5663
VT	-545.520    0.628  -74.616	 0.155 -0.726  0.670	0.4682 0.6950
VT	-545.520    0.628  -74.616	 0.225  0.000  0.974	0.2381 0.5826
VT	-545.520    2.000  -74.616	-0.974  0.000  0.225	0.0107 0.6720
VT	-545.520    2.000  -74.616	 0.000  1.000 -0.000	0.4636 0.8467
VT	-545.520    2.000  -74.616	 0.225  0.000  0.974	0.2381 0.6852
VT	-545.340    0.000  -70.692	-0.959  0.000  0.284	0.0619 0.5178
VT	-545.340    0.000  -70.692	 0.195 -0.726  0.659	0.3881 0.6950
VT	-545.152    0.628  -70.056	-0.959  0.000  0.284	0.0107 0.5663
VT	-545.152    0.628  -70.056	 0.195 -0.726  0.659	0.4682 0.6950
VT	-545.152    0.628  -70.056	 0.284  0.000  0.959	0.2381 0.5826
VT	-545.152    2.000  -70.056	-0.959  0.000  0.284	0.0107 0.6720
VT	-545.152    2.000  -70.056	 0.000  1.000 -0.000	0.4636 0.8467
VT	-545.152    2.000  -70.056	 0.284  0.000  0.959	0.2381 0.6852
VT	-544.708    0.000  -67.588	-0.937  0.000  0.350	0.2311 0.5178
VT	-544.708    0.000  -67.588	-0.350  0.000 -0.937	0.3823 0.6894
VT	-544.708    0.628  -67.588	-0.937  0.000  0.350	0.2311 0.5663
VT	-544.708    0.628  -67.588	-0.350  0.000 -0.937	0.3823 0.7368
VT	-544.708    2.000  -67.588	-0.937  0.000  0.350	0.2311 0.6720
VT	-544.708    2.000  -67.588	-0.350  0.000 -0.937	0.3823 0.8403
VT	-544.708    2.000  -67.588	 0.000  1.000 -0.000	0.2382 0.8467
VT	-544.308    0.000  -77.832	-0.225  0.000 -0.974	0.2389 0.6894
VT	-544.308    0.000  -77.832	 0.974  0.000 -0.225	0.6967 0.5176
VT	-544.308    0.628  -77.832	-0.225  0.000 -0.974	0.2389 0.7368
VT	-544.308    0.628  -77.832	 0.974  0.000 -0.225	0.6967 0.5661
VT	-544.308    2.000  -77.832	-0.225  0.000 -0.974	0.2389 0.8403
VT	-544.308    2.000  -77.832	 0.000  1.000 -0.000	0.2382 0.9920
VT	-544.308    2.000  -77.832	 0.974  0.000 -0.225	0.6967 0.6718
VT	-544.144    0.000  -73.340	-0.284  0.000 -0.959	0.2389 0.6894
VT	-544.144    0.000  -73.340	 0.959  0.000 -0.284	0.6967 0.6758
VT	-544.144    0.628  -73.340	-0.284  0.000 -0.959	0.2389 0.7368
VT	-544.144    0.628  -73.340	 0.959  0.000 -0.284	0.6967 0.7242
VT	-544.144    2.000  -73.340	-0.284  0.000 -0.959	0.2389 0.8403
VT	-544.144    2.000  -73.340	 0.000  1.000 -0.000	0.2382 0.9920
VT	-544.144    2.000  -73.340	 0.959  0.000 -0.284	0.6967 0.8299
VT	-543.940    0.000  -65.532	-0.937  0.000  0.350	0.0619 0.5178
VT	-543.940    0.000  -65.532	 0.241 -0.726  0.644	0.3881 0.6950
VT	-543.816    0.000  -75.692	 0.155 -0.726  0.670	0.3881 0.8404
VT	-543.816    0.000  -75.692	 0.974  0.000 -0.225	0.5275 0.5176
VT	-543.704    0.628  -64.912	-0.937  0.000  0.350	0.0107 0.5663
VT	-543.704    0.628  -64.912	 0.241 -0.726  0.644	0.4682 0.6950
VT	-543.704    0.628  -64.912	 0.350  0.000  0.937	0.2381 0.5826
VT	-543.704    2.000  -64.912	-0.937  0.000  0.350	0.0107 0.6720
VT	-543.704    2.000  -64.912	 0.000  1.000 -0.000	0.4636 0.8467
VT	-543.704    2.000  -64.912	 0.350  0.000  0.937	0.2381 0.6852
VT	-543.668    0.628  -75.044	 0.155 -0.726  0.670	0.4682 0.8404
VT	-543.668    0.628  -75.044	 0.225  0.000  0.974	0.3832 0.5826
VT	-543.668    0.628  -75.044	 0.974  0.000 -0.225	0.4763 0.5661
VT	-543.668    2.000  -75.044	 0.000  1.000 -0.000	0.4636 0.9920
VT	-543.668    2.000  -75.044	 0.225  0.000  0.974	0.3832 0.6852
VT	-543.668    2.000  -75.044	 0.974  0.000 -0.225	0.4763 0.6718
VT	-543.520    0.000  -71.232	 0.195 -0.726  0.659	0.3881 0.8404
VT	-543.520    0.000  -71.232	 0.959  0.000 -0.284	0.5275 0.6758
VT	-543.332    0.628  -70.596	 0.195 -0.726  0.659	0.4682 0.8404
VT	-543.332    0.628  -70.596	 0.284  0.000  0.959	0.3832 0.5826
VT	-543.332    0.628  -70.596	 0.959  0.000 -0.284	0.4763 0.7242
VT	-543.332    2.000  -70.596	 0.000  1.000 -0.000	0.4636 0.9920
VT	-543.332    2.000  -70.596	 0.284  0.000  0.959	0.3832 0.6852
VT	-543.332    2.000  -70.596	 0.959  0.000 -0.284	0.4763 0.8299
VT	-542.928    0.000  -68.256	-0.350  0.000 -0.937	0.2389 0.6894
VT	-542.928    0.000  -68.256	 0.937  0.000 -0.350	0.6967 0.8360
VT	-542.928    0.628  -68.256	-0.350  0.000 -0.937	0.2389 0.7368
VT	-542.928    0.628  -68.256	 0.937  0.000 -0.350	0.6967 0.8845
VT	-542.928    2.000  -68.256	-0.350  0.000 -0.937	0.2389 0.8403
VT	-542.928    2.000  -68.256	 0.000  1.000 -0.000	0.2382 0.9920
VT	-542.928    2.000  -68.256	 0.937  0.000 -0.350	0.6967 0.9902
VT	-542.156    0.000  -66.196	 0.241 -0.726  0.644	0.3881 0.8404
VT	-542.156    0.000  -66.196	 0.937  0.000 -0.350	0.5275 0.8360
VT	-541.924    0.628  -65.576	 0.241 -0.726  0.644	0.4682 0.8404
VT	-541.924    0.628  -65.576	 0.350  0.000  0.937	0.3832 0.5826
VT	-541.924    0.628  -65.576	 0.937  0.000 -0.350	0.4763 0.8845
VT	-541.924    2.000  -65.576	 0.000  1.000 -0.000	0.4636 0.9920
VT	-541.924    2.000  -65.576	 0.350  0.000  0.937	0.3832 0.6852
VT	-541.924    2.000  -65.576	 0.937  0.000 -0.350	0.4763 0.9902
VT	-539.740    0.000  -77.280	-0.959  0.000  0.284	0.2311 0.5178
VT	-539.740    0.000  -77.280	-0.284  0.000 -0.959	0.3823 0.6894
VT	-539.740    0.628  -77.280	-0.959  0.000  0.284	0.2311 0.5663
VT	-539.740    0.628  -77.280	-0.284  0.000 -0.959	0.3823 0.7368
VT	-539.740    2.000  -77.280	-0.959  0.000  0.284	0.2311 0.6720
VT	-539.740    2.000  -77.280	-0.284  0.000 -0.959	0.3823 0.8403
VT	-539.740    2.000  -77.280	 0.000  1.000 -0.000	0.2382 0.8467
VT	-539.116    0.000  -75.176	-0.959  0.000  0.284	0.0619 0.5178
VT	-539.116    0.000  -75.176	 0.195 -0.726  0.659	0.3881 0.6950
VT	-538.928    0.628  -74.540	-0.959  0.000  0.284	0.0107 0.5663
VT	-538.928    0.628  -74.540	 0.195 -0.726  0.659	0.4682 0.6950
VT	-538.928    0.628  -74.540	 0.284  0.000  0.959	0.2381 0.5826
VT	-538.928    2.000  -74.540	-0.959  0.000  0.284	0.0107 0.6720
VT	-538.928    2.000  -74.540	 0.000  1.000 -0.000	0.4636 0.8467
VT	-538.928    2.000  -74.540	 0.284  0.000  0.959	0.2381 0.6852
VT	-538.884    0.000  -71.280	-0.959  0.000  0.284	0.2311 0.5178
VT	-538.884    0.000  -71.280	-0.284  0.000 -0.959	0.3823 0.6894
VT	-538.884    0.628  -71.280	-0.959  0.000  0.284	0.2311 0.5663
VT	-538.884    0.628  -71.280	-0.284  0.000 -0.959	0.3823 0.7368
VT	-538.884    2.000  -71.280	-0.959  0.000  0.284	0.2311 0.6720
VT	-538.884    2.000  -71.280	-0.284  0.000 -0.959	0.3823 0.8403
VT	-538.884    2.000  -71.280	 0.000  1.000 -0.000	0.2382 0.8467
VT	-538.260    0.000  -69.176	-0.959  0.000  0.284	0.0619 0.5178
VT	-538.260    0.000  -69.176	 0.195 -0.726  0.659	0.3881 0.6950
VT	-538.072    0.628  -68.536	-0.959  0.000  0.284	0.0107 0.5663
VT	-538.072    0.628  -68.536	 0.195 -0.726  0.659	0.4682 0.6950
VT	-538.072    0.628  -68.536	 0.284  0.000  0.959	0.2381 0.5826
VT	-538.072    2.000  -68.536	-0.959  0.000  0.284	0.0107 0.6720
VT	-538.072    2.000  -68.536	 0.000  1.000 -0.000	0.4636 0.8467
VT	-538.072    2.000  -68.536	 0.284  0.000  0.959	0.2381 0.6852
VT	-537.920    0.000  -77.820	-0.284  0.000 -0.959	0.2389 0.6894
VT	-537.920    0.000  -77.820	 0.959  0.000 -0.284	0.4629 0.1943
VT	-537.920    0.628  -77.820	-0.284  0.000 -0.959	0.2389 0.7368
VT	-537.920    0.628  -77.820	 0.959  0.000 -0.284	0.4629 0.2427
VT	-537.920    2.000  -77.820	-0.284  0.000 -0.959	0.2389 0.8403
VT	-537.920    2.000  -77.820	 0.000  1.000 -0.000	0.2382 0.9920
VT	-537.920    2.000  -77.820	 0.959  0.000 -0.284	0.4629 0.3484
VT	-537.296    0.000  -75.716	 0.195 -0.726  0.659	0.3881 0.8404
VT	-537.296    0.000  -75.716	 0.959  0.000 -0.284	0.2937 0.1943
VT	-537.104    0.628  -75.076	 0.195 -0.726  0.659	0.4682 0.8404
VT	-537.104    0.628  -75.076	 0.284  0.000  0.959	0.3832 0.5826
VT	-537.104    0.628  -75.076	 0.959  0.000 -0.284	0.2425 0.2427
VT	-537.104    2.000  -75.076	 0.000  1.000 -0.000	0.4636 0.9920
VT	-537.104    2.000  -75.076	 0.284  0.000  0.959	0.3832 0.6852
VT	-537.104    2.000  -75.076	 0.959  0.000 -0.284	0.2425 0.3484
VT	-537.060    0.000  -71.820	-0.284  0.000 -0.959	0.2389 0.6894
VT	-537.060    0.000  -71.820	 0.959  0.000 -0.284	0.4629 0.3528
VT	-537.060    0.628  -71.820	-0.284  0.000 -0.959	0.2389 0.7368
VT	-537.060    0.628  -71.820	 0.959  0.000 -0.284	0.4629 0.4013
VT	-537.060    2.000  -71.820	-0.284  0.000 -0.959	0.2389 0.8403
VT	-537.060    2.000  -71.820	 0.000  1.000 -0.000	0.2382 0.9920
VT	-537.060    2.000  -71.820	 0.959  0.000 -0.284	0.4629 0.5070
VT	-536.436    0.000  -69.716	 0.195 -0.726  0.659	0.3881 0.8404
VT	-536.436    0.000  -69.716	 0.959  0.000 -0.284	0.2937 0.3528
VT	-536.248    0.628  -69.076	 0.195 -0.726  0.659	0.4682 0.8404
VT	-536.248    0.628  -69.076	 0.284  0.000  0.959	0.3832 0.5826
VT	-536.248    0.628  -69.076	 0.959  0.000 -0.284	0.2425 0.4013
VT	-536.248    2.000  -69.076	 0.000  1.000 -0.000	0.4636 0.9920
VT	-536.248    2.000  -69.076	 0.284  0.000  0.959	0.3832 0.6852
VT	-536.248    2.000  -69.076	 0.959  0.000 -0.284	0.2425 0.5070
VT	-535.712    0.000  -84.352	-0.959  0.000  0.284	0.2311 0.5178
VT	-535.712    0.000  -84.352	-0.284  0.000 -0.959	0.3823 0.6894
VT	-535.712    0.628  -84.352	-0.959  0.000  0.284	0.2311 0.5663
VT	-535.712    0.628  -84.352	-0.284  0.000 -0.959	0.3823 0.7368
VT	-535.712    2.000  -84.352	-0.959  0.000  0.284	0.2311 0.6720
VT	-535.712    2.000  -84.352	-0.284  0.000 -0.959	0.3823 0.8403
VT	-535.712    2.000  -84.352	 0.000  1.000 -0.000	0.2382 0.8467
VT	-535.088    0.000  -82.244	-0.959  0.000  0.284	0.0619 0.5178
VT	-535.088    0.000  -82.244	 0.195 -0.726  0.659	0.3881 0.6950
VT	-534.900    0.628  -81.608	-0.959  0.000  0.284	0.0107 0.5663
VT	-534.900    0.628  -81.608	 0.195 -0.726  0.659	0.4682 0.6950
VT	-534.900    0.628  -81.608	 0.284  0.000  0.959	0.2381 0.5826
VT	-534.900    2.000  -81.608	-0.959  0.000  0.284	0.0107 0.6720
VT	-534.900    2.000  -81.608	 0.000  1.000 -0.000	0.4636 0.8467
VT	-534.900    2.000  -81.608	 0.284  0.000  0.959	0.2381 0.6852
VT	-533.892    0.000  -84.892	-0.284  0.000 -0.959	0.2389 0.6894
VT	-533.892    0.000  -84.892	 0.959  0.000 -0.284	0.4629 0.0355
VT	-533.892    0.628  -84.892	-0.284  0.000 -0.959	0.2389 0.7368
VT	-533.892    0.628  -84.892	 0.959  0.000 -0.284	0.4629 0.0840
VT	-533.892    2.000  -84.892	-0.284  0.000 -0.959	0.2389 0.8403
VT	-533.892    2.000  -84.892	 0.000  1.000 -0.000	0.2382 0.9920
VT	-533.892    2.000  -84.892	 0.959  0.000 -0.284	0.4629 0.1897
VT	-533.268    0.000  -82.784	 0.195 -0.726  0.659	0.3881 0.8404
VT	-533.268    0.000  -82.784	 0.959  0.000 -0.284	0.2937 0.0355
VT	-533.080    0.628  -82.148	 0.195 -0.726  0.659	0.4682 0.8404
VT	-533.080    0.628  -82.148	 0.284  0.000  0.959	0.3832 0.5826
VT	-533.080    0.628  -82.148	 0.959  0.000 -0.284	0.2425 0.0840
VT	-533.080    2.000  -82.148	 0.000  1.000 -0.000	0.4636 0.9920
VT	-533.080    2.000  -82.148	 0.284  0.000  0.959	0.3832 0.6852
VT	-533.080    2.000  -82.148	 0.959  0.000 -0.284	0.2425 0.1897

IDX10	110 124 87 87 80 110 125 122 85 85
IDX10	88 125 108 106 113 123 126 111 123 111
IDX10	108 123 108 113 74 70 105 107 109 79
IDX10	107 79 74 107 74 105 83 81 69 73
IDX10	78 86 73 86 83 73 83 69 82 84
IDX10	121 121 112 82 65 102 50 50 21 65
IDX10	103 100 48 48 51 103 63 61 92 101
IDX10	104 66 101 66 63 101 63 92 18 16
IDX10	60 62 64 20 62 20 18 62 18 60
IDX10	46 38 15 17 19 49 17 49 46 17
IDX10	46 15 39 47 99 99 91 39 34 57
IDX10	13 13 6 34 58 55 11 11 14 58
IDX10	32 30 53 56 59 35 56 35 32 56
IDX10	32 53 3 1 29 31 33 5 31 5
IDX10	3 31 3 29 9 7 0 2 4 12
IDX10	2 12 9 2 9 0 8 10 54 54
IDX10	52 8 76 96 44 44 28 76 97 94
IDX10	42 42 45 97 72 68 90 95 98 77
IDX10	95 77 72 95 72 90 25 23 67 71
IDX10	75 27 71 27 25 71 25 67 40 36
IDX10	22 24 26 43 24 43 40 24 40 22
IDX10	37 41 93 93 89 37 162 184 140 140
IDX10	120 162 185 182 138 138 141 185 160 158
IDX10	174 183 186 163 183 163 160 183 160 174
IDX10	117 115 157 159 161 119 159 119 117 159
IDX10	117 157 136 134 114 116 118 139 116 139
IDX10	136 116 136 114 135 137 181 181 173 135
IDX10	169 192 148 148 133 169 193 190 146 146
IDX10	149 193 167 165 188 191 194 170 191 170
IDX10	167 191 167 188 130 128 164 166 168 132
IDX10	166 132 130 166 130 164 144 142 127 129
IDX10	131 147 129 147 144 129 144 127 143 145
IDX10	189 189 187 143 200 207 179 179 156 200
IDX10	208 205 177 177 180 208 198 196 203 206
IDX10	209 201 206 201 198 206 198 203 153 151
IDX10	195 197 199 155 197 155 153 197 153 195
IDX10	175 171 150 152 154 178 152 178 175 152
IDX10	175 150 172 176 204 204 202 172 260 267
IDX10	238 238 231 260 268 265 236 236 239 268
IDX10	258 256 263 266 269 261 266 261 258 266
IDX10	258 263 228 226 255 257 259 230 257 230
IDX10	228 257 228 255 234 232 225 227 229 237
IDX10	227 237 234 227 234 225 233 235 264 264
IDX10	262 233 245 252 223 223 216 245 253 250
IDX10	221 221 224 253 243 241 248 251 254 246
IDX10	251 246 243 251 243 248 213 211 240 242
IDX10	244 215 242 215 213 242 213 240 219 217
IDX10	210 212 214 222 212 222 219 212 219 210
IDX10	218 220 249 249 247 218 290 297 283 283
IDX10	276 290 298 295 281 281 284 298 288 286
IDX10	293 296 299 291 296 291 288 296 288 293
IDX10	273 271 285 287 289 275 287 275 273 287
IDX10	273 285 279 277 270 272 274 282 272 282
IDX10	279 272 279 270 278 280 294 294 292 278

ATTR_no_blend

TRIS	0 540
