I
800	# Converted by FS2XPlane 3.26
OBJ

# file GSEhajj1.bgl

TEXTURE		cargopallet.dds
TEXTURE_LIT	cargopallet_LIT.dds
POINT_COUNTS	90 0 0 162

VT	 320.172    0.000  283.456	-0.943  0.000  0.334	0.2311 0.5178
VT	 320.172    0.000  283.456	-0.334  0.000 -0.943	0.3823 0.6894
VT	 320.172    0.628  283.456	-0.943  0.000  0.334	0.2311 0.5663
VT	 320.172    0.628  283.456	-0.334  0.000 -0.943	0.3823 0.7368
VT	 320.172    2.000  283.456	-0.943  0.000  0.334	0.2311 0.6720
VT	 320.172    2.000  283.456	-0.334  0.000 -0.943	0.3823 0.8403
VT	 320.172    2.000  283.456	 0.000  1.000 -0.000	0.2382 0.8467
VT	 320.904    0.000  285.524	-0.943  0.000  0.334	0.0619 0.5178
VT	 320.904    0.000  285.524	 0.229 -0.726  0.648	0.3881 0.6950
VT	 321.128    0.628  286.152	-0.943  0.000  0.334	0.0107 0.5663
VT	 321.128    0.628  286.152	 0.229 -0.726  0.648	0.4682 0.6950
VT	 321.128    0.628  286.152	 0.334  0.000  0.943	0.2381 0.5826
VT	 321.128    2.000  286.152	-0.943  0.000  0.334	0.0107 0.6720
VT	 321.128    2.000  286.152	 0.000  1.000 -0.000	0.4636 0.8467
VT	 321.128    2.000  286.152	 0.334  0.000  0.943	0.2381 0.6852
VT	 321.964    0.000  282.820	-0.334  0.000 -0.943	0.2389 0.6894
VT	 321.964    0.000  282.820	 0.943  0.000 -0.334	0.6967 0.1938
VT	 321.964    0.628  282.820	-0.334  0.000 -0.943	0.2389 0.7368
VT	 321.964    0.628  282.820	 0.943  0.000 -0.334	0.6967 0.2423
VT	 321.964    2.000  282.820	-0.334  0.000 -0.943	0.2389 0.8403
VT	 321.964    2.000  282.820	 0.000  1.000 -0.000	0.2382 0.9920
VT	 321.964    2.000  282.820	 0.943  0.000 -0.334	0.6967 0.3480
VT	 322.696    0.000  284.892	 0.229 -0.726  0.648	0.3881 0.8404
VT	 322.696    0.000  284.892	 0.943  0.000 -0.334	0.5275 0.1938
VT	 322.916    0.628  285.516	 0.229 -0.726  0.648	0.4682 0.8404
VT	 322.916    0.628  285.516	 0.334  0.000  0.943	0.3832 0.5826
VT	 322.916    0.628  285.516	 0.943  0.000 -0.334	0.4763 0.2423
VT	 322.916    2.000  285.516	 0.000  1.000 -0.000	0.4636 0.9920
VT	 322.916    2.000  285.516	 0.334  0.000  0.943	0.3832 0.6852
VT	 322.916    2.000  285.516	 0.943  0.000 -0.334	0.4763 0.3480
VT	 327.144    0.000  283.756	-0.843  0.000  0.537	0.2311 0.5178
VT	 327.144    0.000  283.756	-0.537  0.000 -0.843	0.3823 0.6894
VT	 327.144    0.628  283.756	-0.843  0.000  0.537	0.2311 0.5663
VT	 327.144    0.628  283.756	-0.537  0.000 -0.843	0.3823 0.7368
VT	 327.144    2.000  283.756	-0.843  0.000  0.537	0.2311 0.6720
VT	 327.144    2.000  283.756	-0.537  0.000 -0.843	0.3823 0.8403
VT	 327.144    2.000  283.756	 0.000  1.000 -0.000	0.2382 0.8467
VT	 328.324    0.000  285.608	-0.843  0.000  0.537	0.0619 0.5178
VT	 328.324    0.000  285.608	 0.369 -0.726  0.580	0.3881 0.6950
VT	 328.680    0.628  286.168	-0.843  0.000  0.537	0.0107 0.5663
VT	 328.680    0.628  286.168	 0.369 -0.726  0.580	0.4682 0.6950
VT	 328.680    0.628  286.168	 0.537  0.000  0.843	0.2381 0.5826
VT	 328.680    2.000  286.168	-0.843  0.000  0.537	0.0107 0.6720
VT	 328.680    2.000  286.168	 0.000  1.000 -0.000	0.4636 0.8467
VT	 328.680    2.000  286.168	 0.537  0.000  0.843	0.2381 0.6852
VT	 328.748    0.000  282.736	-0.537  0.000 -0.843	0.2389 0.6894
VT	 328.748    0.000  282.736	 0.843  0.000 -0.537	0.4629 0.1943
VT	 328.748    0.628  282.736	-0.537  0.000 -0.843	0.2389 0.7368
VT	 328.748    0.628  282.736	 0.843  0.000 -0.537	0.4629 0.2427
VT	 328.748    2.000  282.736	-0.537  0.000 -0.843	0.2389 0.8403
VT	 328.748    2.000  282.736	 0.000  1.000 -0.000	0.2382 0.9920
VT	 328.748    2.000  282.736	 0.843  0.000 -0.537	0.4629 0.3484
VT	 329.924    0.000  284.584	 0.369 -0.726  0.580	0.3881 0.8404
VT	 329.924    0.000  284.584	 0.843  0.000 -0.537	0.2937 0.1943
VT	 330.284    0.628  285.144	 0.369 -0.726  0.580	0.4682 0.8404
VT	 330.284    0.628  285.144	 0.537  0.000  0.843	0.3832 0.5826
VT	 330.284    0.628  285.144	 0.843  0.000 -0.537	0.2425 0.2427
VT	 330.284    2.000  285.144	 0.000  1.000 -0.000	0.4636 0.9920
VT	 330.284    2.000  285.144	 0.537  0.000  0.843	0.3832 0.6852
VT	 330.284    2.000  285.144	 0.843  0.000 -0.537	0.2425 0.3484
VT	 332.964    0.000  279.176	-0.995  0.000  0.105	0.2389 0.6894
VT	 332.964    0.000  279.176	-0.105  0.000 -0.995	0.2311 0.8385
VT	 332.964    0.628  279.176	-0.995  0.000  0.105	0.2389 0.7368
VT	 332.964    0.628  279.176	-0.105  0.000 -0.995	0.2311 0.8870
VT	 332.964    2.000  279.176	-0.995  0.000  0.105	0.2389 0.8403
VT	 332.964    2.000  279.176	-0.105  0.000 -0.995	0.2311 0.9927
VT	 332.964    2.000  279.176	 0.000  1.000 -0.000	0.2382 0.9920
VT	 333.160    0.000  281.068	-0.995  0.000  0.105	0.3823 0.6894
VT	 333.160    0.000  281.068	 0.105  0.000  0.995	0.2311 0.5178
VT	 333.160    0.628  281.068	-0.995  0.000  0.105	0.3823 0.7368
VT	 333.160    0.628  281.068	 0.105  0.000  0.995	0.2311 0.5663
VT	 333.160    2.000  281.068	-0.995  0.000  0.105	0.3823 0.8403
VT	 333.160    2.000  281.068	 0.000  1.000 -0.000	0.2382 0.8467
VT	 333.160    2.000  281.068	 0.105  0.000  0.995	0.2311 0.6720
VT	 335.144    0.000  278.948	-0.105  0.000 -0.995	0.0619 0.8385
VT	 335.144    0.000  278.948	 0.684 -0.726 -0.072	0.3881 0.8404
VT	 335.344    0.000  280.836	 0.105  0.000  0.995	0.0619 0.5178
VT	 335.344    0.000  280.836	 0.684 -0.726 -0.072	0.3881 0.6950
VT	 335.808    0.628  278.876	-0.105  0.000 -0.995	0.0107 0.8870
VT	 335.808    0.628  278.876	 0.684 -0.726 -0.072	0.4682 0.8404
VT	 335.808    0.628  278.876	 0.995  0.000 -0.105	0.3832 0.5826
VT	 335.808    2.000  278.876	-0.105  0.000 -0.995	0.0107 0.9927
VT	 335.808    2.000  278.876	 0.000  1.000 -0.000	0.4636 0.9920
VT	 335.808    2.000  278.876	 0.995  0.000 -0.105	0.3832 0.6852
VT	 336.004    0.628  280.768	 0.105  0.000  0.995	0.0107 0.5663
VT	 336.004    0.628  280.768	 0.684 -0.726 -0.072	0.4682 0.6950
VT	 336.004    0.628  280.768	 0.995  0.000 -0.105	0.2381 0.5826
VT	 336.004    2.000  280.768	 0.000  1.000 -0.000	0.4636 0.8467
VT	 336.004    2.000  280.768	 0.105  0.000  0.995	0.0107 0.6720
VT	 336.004    2.000  280.768	 0.995  0.000 -0.105	0.2381 0.6852

IDX10	47 49 35 13 6 20 28 25 11 11
IDX10	14 28 18 16 23 26 29 21 26 21
IDX10	18 26 18 23 3 1 15 17 19 5
IDX10	17 5 3 17 3 15 9 7 0 2
IDX10	4 12 2 12 9 2 9 0 8 10
IDX10	24 24 22 8 50 57 43 43 36 50
IDX10	58 55 41 41 44 58 48 46 53 56
IDX10	59 51 56 51 48 56 48 53 33 31
IDX10	45 20 27 13 47 35 33 47 33 45
IDX10	39 37 30 32 34 42 32 42 39 32
IDX10	39 30 38 40 54 54 52 38 66 82
IDX10	87 87 72 66 83 80 86 86 89 83
IDX10	63 61 74 78 81 65 78 65 63 78
IDX10	63 74 69 67 60 62 64 71 62 71
IDX10	69 62 69 60 84 76 68 70 73 88
IDX10	70 88 84 70 84 68 77 85 79 79
IDX	75
IDX	77

ATTR_no_blend

TRIS	0 162
