I
800	# Converted by FS2XPlane 3.26
OBJ

# file maintenis.bgl

TEXTURE		maintenis9.dds
TEXTURE_LIT	maintenis9_LIT.dds
POINT_COUNTS	20 0 0 30

VT	-127.780    0.000 -141.456	-0.940  0.000  0.342	1.5911 0.8224
VT	-127.780    0.000 -141.456	-0.342  0.000 -0.940	0.9247 0.6427
VT	-127.780   13.000 -141.456	-0.940  0.000  0.342	1.5911 0.9999
VT	-127.780   13.000 -141.456	-0.342  0.000 -0.940	0.9247 0.8202
VT	-127.780   13.000 -141.456	 0.000  1.000 -0.000	0.0021 0.1274
VT	 -87.764    0.000  -31.512	-0.940  0.000  0.342	0.0001 0.8224
VT	 -87.764    0.000  -31.512	 0.342  0.000  0.940	0.0001 0.6427
VT	 -87.764   13.000  -31.512	-0.940  0.000  0.342	0.0001 0.9999
VT	 -87.764   13.000  -31.512	 0.000  1.000 -0.000	0.8813 0.1274
VT	 -87.764   13.000  -31.512	 0.342  0.000  0.940	0.0001 0.8202
VT	 -63.884    0.000 -164.712	-0.342  0.000 -0.940	0.0001 0.6427
VT	 -63.884    0.000 -164.712	 0.940  0.000 -0.342	1.5911 0.8224
VT	 -63.884   13.000 -164.712	-0.342  0.000 -0.940	0.0001 0.8202
VT	 -63.884   13.000 -164.712	 0.000  1.000 -0.000	0.0021 0.6384
VT	 -63.884   13.000 -164.712	 0.940  0.000 -0.342	1.5911 0.9999
VT	 -23.868    0.000  -54.768	 0.342  0.000  0.940	0.9247 0.6427
VT	 -23.868    0.000  -54.768	 0.940  0.000 -0.342	0.0001 0.8224
VT	 -23.868   13.000  -54.768	 0.000  1.000 -0.000	0.8813 0.6384
VT	 -23.868   13.000  -54.768	 0.342  0.000  0.940	0.9247 0.8202
VT	 -23.868   13.000  -54.768	 0.940  0.000 -0.342	0.0001 0.9999

IDX10	18 15 6 3 1 10 16 19 14 14
IDX10	11 16 6 9 18 10 12 3 0 2
IDX10	7 7 5 0 4 13 17 17 8 4

ATTR_no_blend

TRIS	0 30
