I
800	# Converted by FS2XPlane 3.26
OBJ

# file maintenis.bgl

TEXTURE		maintenis7.dds
TEXTURE_LIT	maintenis7_LIT.dds
POINT_COUNTS	74 0 0 120

VT	-105.876    0.000  105.084	-0.937  0.000  0.350	0.0003 0.1387
VT	-105.876    0.000  105.084	-0.350  0.000 -0.937	2.1551 0.1382
VT	-105.876   10.000  105.084	-0.937  0.000  0.350	0.0003 0.3371
VT	-105.876   10.000  105.084	-0.350  0.000 -0.937	2.1551 0.3368
VT	-105.876   10.000  105.084	 0.000  1.000 -0.000	0.0017 0.5424
VT	 -21.828    0.000  329.884	-0.937  0.000  0.350	4.7267 0.1387
VT	 -21.828    0.000  329.884	 0.350  0.000  0.937	0.0005 0.3394
VT	 -21.828   10.000  329.884	-0.937  0.000  0.350	4.7267 0.3371
VT	 -21.828   10.000  329.884	 0.000  1.000 -0.000	0.9989 0.5424
VT	 -21.828   10.000  329.884	 0.350  0.000  0.937	0.0005 0.5395
VT	 -12.648   10.000  191.932	 0.000  1.000 -0.000	0.4753 0.7789
VT	  -2.844    0.000   66.560	-0.350  0.000 -0.937	0.0008 0.1382
VT	  -2.844    0.000   66.560	 0.937  0.000 -0.350	2.2960 0.1385
VT	  -2.844   10.000   66.560	-0.350  0.000 -0.937	0.0008 0.3368
VT	  -2.844   10.000   66.560	 0.000  1.000 -0.000	0.0017 0.9995
VT	  -2.844   10.000   66.560	 0.937  0.000 -0.350	2.2960 0.3366
VT	  31.476    0.000  309.952	 0.350  0.000  0.937	1.1534 0.3394
VT	  31.476   10.000  309.952	 0.000  1.000 -0.000	0.9989 0.7789
VT	  31.476   10.000  309.952	 0.350  0.000  0.937	1.1534 0.5395
VT	  37.080    0.000  173.340	 0.937  0.000 -0.350	0.0012 0.1385
VT	  37.080   10.000  173.340	 0.000  1.000 -0.000	0.4753 0.9995
VT	  37.080   10.000  173.340	 0.937  0.000 -0.350	0.0012 0.3366
VT	  42.664    0.000  154.104	-0.937  0.000  0.350	0.8579 0.7822
VT	  42.664    0.000  154.104	-0.350  0.000 -0.937	0.6929 0.7832
VT	  42.664   16.000  154.104	-0.937  0.000  0.350	0.8579 0.9215
VT	  42.664   16.000  154.104	-0.350  0.000 -0.937	0.6929 0.9222
VT	  42.664   16.000  154.104	-0.259  0.672 -0.694	0.6929 0.9222
VT	  45.444   24.748  161.536	-0.937  0.000  0.350	0.9270 0.9977
VT	  45.444   24.748  161.536	-0.259  0.672 -0.694	0.6929 0.9982
VT	  45.444   24.748  161.536	 0.000  1.000 -0.000	0.0011 0.0647
VT	  48.268    0.000  169.088	-0.937  0.000  0.350	0.9973 0.7822
VT	  48.268    0.000  169.088	 0.350  0.000  0.937	0.5274 0.7816
VT	  48.268   24.748  169.088	-0.937  0.000  0.350	0.9973 0.9977
VT	  48.268   24.748  169.088	 0.000  1.000 -0.000	0.0011 0.1354
VT	  48.268   24.748  169.088	 0.350  0.000  0.937	0.5274 0.9981
VT	  59.996    0.000  147.624	-0.350  0.000 -0.937	0.8536 0.7832
VT	  59.996    0.000  147.624	 0.937  0.000 -0.350	0.8582 0.7822
VT	  59.996   16.000  147.624	-0.350  0.000 -0.937	0.8536 0.9222
VT	  59.996   16.000  147.624	-0.259  0.672 -0.694	0.8536 0.9222
VT	  59.996   16.000  147.624	 0.937  0.000 -0.350	0.8582 0.9215
VT	  62.772   24.748  155.056	-0.259  0.672 -0.694	0.8536 0.9982
VT	  62.772   24.748  155.056	 0.000  1.000 -0.000	0.1633 0.0647
VT	  62.772   24.748  155.056	 0.937  0.000 -0.350	0.9273 0.9977
VT	  65.596    0.000  162.612	 0.350  0.000  0.937	0.6892 0.7816
VT	  65.596    0.000  162.612	 0.937  0.000 -0.350	0.9975 0.7822
VT	  65.596   24.748  162.612	 0.000  1.000 -0.000	0.1633 0.1354
VT	  65.596   24.748  162.612	 0.350  0.000  0.937	0.6892 0.9981
VT	  65.596   24.748  162.612	 0.937  0.000 -0.350	0.9975 0.9977
VT	  92.484    0.000  287.344	-0.937  0.000  0.350	0.9975 0.7822
VT	  92.484    0.000  287.344	-0.350  0.000 -0.937	0.6892 0.7816
VT	  92.484   24.748  287.344	-0.937  0.000  0.350	0.9975 0.9977
VT	  92.484   24.748  287.344	-0.350  0.000 -0.937	0.6892 0.9981
VT	  92.484   24.748  287.344	 0.000  1.000 -0.000	0.0011 0.1354
VT	  95.308   24.748  294.900	-0.937  0.000  0.350	0.9273 0.9977
VT	  95.308   24.748  294.900	 0.000  1.000 -0.000	0.0011 0.0647
VT	  95.308   24.748  294.900	 0.259  0.672  0.694	0.6929 0.9982
VT	  98.088    0.000  302.332	-0.937  0.000  0.350	0.8582 0.7822
VT	  98.088    0.000  302.332	 0.350  0.000  0.937	0.6929 0.7832
VT	  98.088   16.000  302.332	-0.937  0.000  0.350	0.8582 0.9215
VT	  98.088   16.000  302.332	 0.259  0.672  0.694	0.6929 0.9222
VT	  98.088   16.000  302.332	 0.350  0.000  0.937	0.6929 0.9222
VT	 109.812    0.000  280.868	-0.350  0.000 -0.937	0.5274 0.7816
VT	 109.812    0.000  280.868	 0.937  0.000 -0.350	0.9973 0.7822
VT	 109.812   24.748  280.868	-0.350  0.000 -0.937	0.5274 0.9981
VT	 109.812   24.748  280.868	 0.000  1.000 -0.000	0.1633 0.1354
VT	 109.812   24.748  280.868	 0.937  0.000 -0.350	0.9973 0.9977
VT	 112.636   24.748  288.420	 0.000  1.000 -0.000	0.1633 0.0647
VT	 112.636   24.748  288.420	 0.259  0.672  0.694	0.8536 0.9982
VT	 112.636   24.748  288.420	 0.937  0.000 -0.350	0.9270 0.9977
VT	 115.416    0.000  295.852	 0.350  0.000  0.937	0.8536 0.7832
VT	 115.416    0.000  295.852	 0.937  0.000 -0.350	0.8579 0.7822
VT	 115.416   16.000  295.852	 0.259  0.672  0.694	0.8536 0.9222
VT	 115.416   16.000  295.852	 0.350  0.000  0.937	0.8536 0.9222
VT	 115.416   16.000  295.852	 0.937  0.000 -0.350	0.8579 0.9215

IDX10	24 27 32 66 54 52 52 64 66 29
IDX10	41 45 32 30 22 73 65 70 65 62
IDX10	70 73 68 65 58 56 48 61 63 51
IDX10	51 49 61 60 72 69 53 58 48 50
IDX10	53 48 59 55 67 69 57 60 67 71
IDX10	59 45 33 29 17 8 10 3 1 11
IDX10	38 40 28 12 19 21 23 35 37 37
IDX10	25 23 28 26 38 42 39 44 39 36
IDX10	44 47 42 44 31 34 46 24 32 22
IDX10	46 43 31 4 14 10 8 4 10 14
IDX10	20 10 9 18 16 16 6 9 11 13
IDX10	3 0 2 7 21 15 12 7 5 0

ATTR_no_blend

TRIS	0 120
