I
800	# Converted by FS2XPlane 3.26
OBJ

# file maintenis.bgl

TEXTURE		maintenis5.dds
TEXTURE_LIT	maintenis5_LIT.dds
POINT_COUNTS	46 0 0 72

VT	-159.240    0.000 -113.536	-0.943  0.000  0.334	0.0001 0.0706
VT	-159.240    0.000 -113.536	-0.334  0.000 -0.943	0.7344 0.0706
VT	-159.240    6.000 -113.536	-0.943  0.000  0.334	0.0001 0.1373
VT	-159.240    6.000 -113.536	-0.334  0.000 -0.943	0.7344 0.1373
VT	-159.240    6.000 -113.536	 0.000  1.000 -0.000	0.0001 0.1397
VT	-146.984    0.000 -117.876	-0.334  0.000 -0.943	0.5959 0.0706
VT	-146.984    0.000 -117.876	 0.943  0.000 -0.334	0.0001 0.0011
VT	-146.984    6.000 -117.876	-0.334  0.000 -0.943	0.5959 0.1373
VT	-146.984    6.000 -117.876	 0.000  1.000 -0.000	0.0001 0.2841
VT	-146.984    6.000 -117.876	 0.943  0.000 -0.334	0.0001 0.0678
VT	-129.196    0.000  -28.700	-0.943  0.000  0.334	0.9979 0.0706
VT	-129.196    0.000  -28.700	 0.334  0.000  0.943	0.5959 0.0706
VT	-129.196    6.000  -28.700	-0.943  0.000  0.334	0.9979 0.1373
VT	-129.196    6.000  -28.700	 0.000  1.000 -0.000	0.9979 0.1397
VT	-129.196    6.000  -28.700	 0.334  0.000  0.943	0.5959 0.1373
VT	-116.944    0.000  -33.040	 0.334  0.000  0.943	0.7344 0.0706
VT	-116.944    0.000  -33.040	 0.943  0.000 -0.334	0.9979 0.0011
VT	-116.944    6.000  -33.040	 0.000  1.000 -0.000	0.9979 0.2841
VT	-116.944    6.000  -33.040	 0.334  0.000  0.943	0.7344 0.1373
VT	-116.944    6.000  -33.040	 0.943  0.000 -0.334	0.9979 0.0678
VT	  78.940    0.000  427.980	-0.943  0.000  0.334	0.0024 0.4190
VT	  78.940    0.000  427.980	-0.334  0.000 -0.943	0.0022 0.2908
VT	  78.940   10.000  427.980	-0.943  0.000  0.334	0.0024 0.5441
VT	  78.940   10.000  427.980	-0.334  0.000 -0.943	0.0022 0.4159
VT	  78.940   10.000  427.980	-0.038  0.993 -0.108	0.6529 0.7508
VT	  87.620   13.000  452.488	-0.943  0.000  0.334	0.3278 0.5817
VT	  87.620   13.000  452.488	-0.038  0.993 -0.108	0.6529 0.9999
VT	  87.620   13.000  452.488	 0.038  0.993  0.108	0.6529 0.9999
VT	  96.300    0.000  477.000	-0.943  0.000  0.334	0.6532 0.4190
VT	  96.300    0.000  477.000	 0.334  0.000  0.943	0.0022 0.2908
VT	  96.300   10.000  477.000	-0.943  0.000  0.334	0.6532 0.5441
VT	  96.300   10.000  477.000	 0.038  0.993  0.108	0.6529 0.7508
VT	  96.300   10.000  477.000	 0.334  0.000  0.943	0.0022 0.4159
VT	 143.040    0.000  405.284	-0.334  0.000 -0.943	0.8574 0.2908
VT	 143.040    0.000  405.284	 0.943  0.000 -0.334	0.6532 0.5850
VT	 143.040   10.000  405.284	-0.334  0.000 -0.943	0.8574 0.4159
VT	 143.040   10.000  405.284	-0.038  0.993 -0.108	0.0014 0.7508
VT	 143.040   10.000  405.284	 0.943  0.000 -0.334	0.6532 0.7101
VT	 151.720   13.000  429.792	-0.038  0.993 -0.108	0.0014 0.9999
VT	 151.720   13.000  429.792	 0.038  0.993  0.108	0.0014 0.9999
VT	 151.720   13.000  429.792	 0.943  0.000 -0.334	0.3278 0.7477
VT	 160.400    0.000  454.300	 0.334  0.000  0.943	0.8574 0.2908
VT	 160.400    0.000  454.300	 0.943  0.000 -0.334	0.0024 0.5850
VT	 160.400   10.000  454.300	 0.038  0.993  0.108	0.0014 0.7508
VT	 160.400   10.000  454.300	 0.334  0.000  0.943	0.8574 0.4159
VT	 160.400   10.000  454.300	 0.943  0.000 -0.334	0.0024 0.7101

IDX10	29 32 44 26 24 36 40 37 45 37
IDX10	42 45 37 34 42 31 27 39 39 43
IDX10	31 25 30 22 30 20 22 30 28 20
IDX10	33 35 23 23 21 33 36 38 26 44
IDX10	41 29 17 13 4 4 8 17 12 10
IDX10	0 0 2 12 18 15 11 11 14 18
IDX10	9 6 16 16 19 9 3 1 5 5
IDX	7
IDX	3

ATTR_no_blend

TRIS	0 72
