I
800	# Converted by FS2XPlane 3.26
OBJ

# file maintenis.bgl

TEXTURE		maintenis8.dds
TEXTURE_LIT	maintenis8_LIT.dds
POINT_COUNTS	30 0 0 48

VT	-123.964    0.000   56.704	-0.937  0.000  0.350	0.0003 0.4425
VT	-123.964    0.000   56.704	-0.350  0.000 -0.937	1.4523 0.4433
VT	-123.964   12.000   56.704	-0.937  0.000  0.350	0.0003 0.6475
VT	-123.964   12.000   56.704	-0.350  0.000 -0.937	1.4523 0.6477
VT	-123.964   12.000   56.704	 0.000  1.000 -0.000	0.0013 0.9998
VT	-105.876    0.000  105.084	-0.937  0.000  0.350	0.8969 0.4425
VT	-105.876    0.000  105.084	 0.350  0.000  0.937	0.2218 0.4442
VT	-105.876   12.000  105.084	-0.937  0.000  0.350	0.8969 0.6475
VT	-105.876   12.000  105.084	 0.000  1.000 -0.000	0.0013 0.6501
VT	-105.876   12.000  105.084	 0.350  0.000  0.937	0.2218 0.6473
VT	 -76.052    0.000   62.648	 0.350  0.000  0.937	0.1096 0.4437
VT	 -76.052    0.000   62.648	 0.937  0.000 -0.350	0.4527 0.2366
VT	 -76.052   12.000   62.648	 0.000  1.000 -0.000	0.2898 0.8485
VT	 -76.052   12.000   62.648	 0.350  0.000  0.937	0.1096 0.6466
VT	 -76.052   12.000   62.648	 0.937  0.000 -0.350	0.4527 0.4394
VT	 -65.792    0.000   90.096	 0.350  0.000  0.937	0.8975 0.4442
VT	 -65.792    0.000   90.096	 0.937  0.000 -0.350	0.0005 0.2366
VT	 -65.792   12.000   90.096	 0.000  1.000 -0.000	0.2898 0.6501
VT	 -65.792   12.000   90.096	 0.350  0.000  0.937	0.8975 0.6473
VT	 -65.792   12.000   90.096	 0.937  0.000 -0.350	0.0005 0.4394
VT	 -42.020    0.000   26.068	-0.350  0.000 -0.937	0.0002 0.4433
VT	 -42.020    0.000   26.068	 0.937  0.000 -0.350	0.8972 0.4434
VT	 -42.020   12.000   26.068	-0.350  0.000 -0.937	0.0002 0.6477
VT	 -42.020   12.000   26.068	 0.000  1.000 -0.000	0.5937 0.9998
VT	 -42.020   12.000   26.068	 0.937  0.000 -0.350	0.8972 0.6468
VT	 -34.196    0.000   46.996	 0.350  0.000  0.937	0.8975 0.4437
VT	 -34.196    0.000   46.996	 0.937  0.000 -0.350	0.5576 0.4434
VT	 -34.196   12.000   46.996	 0.000  1.000 -0.000	0.5937 0.8485
VT	 -34.196   12.000   46.996	 0.350  0.000  0.937	0.8975 0.6466
VT	 -34.196   12.000   46.996	 0.937  0.000 -0.350	0.5576 0.6468

IDX10	12 17 8 7 5 0 23 27 12 18
IDX10	15 6 4 23 12 4 12 8 16 19
IDX10	14 6 9 18 14 11 16 24 21 26
IDX10	28 25 10 10 13 28 20 22 3 26
IDX	29
IDX	24
IDX	3
IDX	1
IDX	20
IDX	0
IDX	2
IDX	7

ATTR_no_blend

TRIS	0 48
