I
800	# Converted by FS2XPlane 3.26
OBJ

# file royal2.bgl

TEXTURE		payung.dds
TEXTURE_LIT	payung_LIT.dds
POINT_COUNTS	88 0 0 138

VT	  50.508    0.000  -42.512	-0.349  0.000 -0.937	0.5015 0.1168
VT	  50.508    0.700  -42.512	-0.349  0.000 -0.937	0.5015 0.1414
VT	  50.508    0.700  -42.512	 0.000  1.000 -0.000	0.9996 0.1051
VT	  52.384    0.000  -43.208	-0.349  0.000 -0.937	0.4241 0.1168
VT	  52.384    0.000  -43.208	 0.937  0.000 -0.349	0.9996 0.0007
VT	  52.384    0.700  -43.208	-0.349  0.000 -0.937	0.4241 0.1414
VT	  52.384    0.700  -43.208	 0.000  1.000 -0.000	0.9996 0.0277
VT	  52.384    0.700  -43.208	 0.937  0.000 -0.349	0.9996 0.0253
VT	  59.396    0.000  -18.612	-0.349  0.000 -0.937	0.7140 0.5535
VT	  59.396    0.000  -18.612	 0.349  0.000  0.937	0.4241 0.1168
VT	  59.396    0.700  -18.612	 0.000  1.000 -0.000	0.0001 0.1051
VT	  59.396    0.700  -18.612	 0.349  0.000  0.937	0.4241 0.1414
VT	  59.396    3.500  -18.608	-0.349  0.000 -0.937	0.7140 0.6713
VT	  59.396    3.500  -18.608	 0.000  1.000 -0.000	0.7032 0.4949
VT	  60.096    1.500  -16.732	-0.937  0.000  0.349	0.5649 0.3125
VT	  60.096    1.500  -16.732	-0.349  0.000 -0.937	0.7781 0.3125
VT	  60.096    1.500  -16.732	 0.000  1.000 -0.000	0.9118 0.4949
VT	  60.096    1.500  -16.732	 0.349  0.000  0.937	0.6360 0.6050
VT	  60.096    3.500  -16.732	 0.000  1.000 -0.000	0.6351 0.4949
VT	  60.096    3.500  -16.732	 0.349  0.000  0.937	0.6360 0.6732
VT	  60.096    5.500  -16.732	-0.937  0.000  0.349	0.5649 0.4292
VT	  60.096    5.500  -16.732	-0.349  0.000 -0.937	0.7781 0.4286
VT	  60.096    5.500  -16.732	 0.000  1.000 -0.000	0.7400 0.3102
VT	  60.772    3.500  -19.120	-0.349  0.000 -0.937	0.7635 0.6713
VT	  60.772    3.500  -19.120	 0.000  1.000 -0.000	0.7032 0.4450
VT	  60.772    3.500  -19.120	 0.920  0.189 -0.342	0.9130 0.6199
VT	  61.032    1.500  -17.080	-0.349  0.000 -0.937	0.7424 0.3125
VT	  61.032    1.500  -17.080	 0.937  0.000 -0.349	0.7400 0.3125
VT	  61.032    5.500  -17.080	-0.349  0.000 -0.937	0.7424 0.4286
VT	  61.032    5.500  -17.080	 0.000  1.000 -0.000	0.7400 0.2796
VT	  61.032    5.500  -17.080	 0.937  0.000 -0.349	0.7400 0.4292
VT	  61.272    0.000  -19.308	 0.349  0.000  0.937	0.5015 0.1168
VT	  61.272    0.000  -19.308	 0.937  0.000 -0.349	0.0001 0.0007
VT	  61.272    0.700  -19.308	 0.000  1.000 -0.000	0.0001 0.0277
VT	  61.272    0.700  -19.308	 0.349  0.000  0.937	0.5015 0.1414
VT	  61.272    0.700  -19.308	 0.937  0.000 -0.349	0.0001 0.0253
VT	  61.408    0.000  -19.356	-0.349  0.000 -0.937	0.7862 0.5535
VT	  61.408    0.000  -19.356	 0.920  0.189 -0.342	0.9130 0.4989
VT	  61.472    3.500  -17.244	 0.000  1.000 -0.000	0.6351 0.4450
VT	  61.472    3.500  -17.244	 0.349  0.000  0.937	0.6861 0.6732
VT	  61.472    3.500  -17.244	 0.920  0.189 -0.342	0.8439 0.6199
VT	  61.832    1.500  -17.380	 0.000  1.000 -0.000	0.9118 0.4317
VT	  61.832    1.500  -17.380	 0.349  0.000  0.937	0.6993 0.6050
VT	  61.832    1.500  -17.380	 0.920  0.189 -0.342	0.8439 0.5496
VT	  62.184    1.500  -11.108	-0.937  0.000  0.349	0.7400 0.3125
VT	  62.184    1.500  -11.108	-0.349  0.000 -0.937	0.6360 0.6050
VT	  62.184    1.500  -11.108	 0.000  1.000 -0.000	0.7047 0.4949
VT	  62.184    1.500  -11.108	 0.349  0.000  0.937	0.7424 0.3125
VT	  62.184    5.500  -11.108	-0.937  0.000  0.349	0.7400 0.4292
VT	  62.184    5.500  -11.108	 0.000  1.000 -0.000	0.5649 0.3102
VT	  62.184    5.500  -11.108	 0.349  0.000  0.937	0.7424 0.4286
VT	  62.188    3.500  -11.108	-0.349  0.000 -0.937	0.6360 0.6732
VT	  62.188    3.500  -11.108	 0.000  1.000 -0.000	0.7032 0.4949
VT	  62.884    0.000   -9.232	-0.349  0.000 -0.937	0.5015 0.1168
VT	  62.884    0.000   -9.232	 0.349  0.000  0.937	0.7140 0.5535
VT	  62.884    0.700   -9.232	-0.349  0.000 -0.937	0.5015 0.1414
VT	  62.884    0.700   -9.232	 0.000  1.000 -0.000	0.9996 0.1051
VT	  62.884    3.500   -9.236	 0.000  1.000 -0.000	0.6351 0.4949
VT	  62.884    3.500   -9.236	 0.349  0.000  0.937	0.7140 0.6713
VT	  63.124    1.500  -11.456	 0.349  0.000  0.937	0.7781 0.3125
VT	  63.124    1.500  -11.456	 0.937  0.000 -0.349	0.5649 0.3125
VT	  63.124    5.500  -11.456	 0.000  1.000 -0.000	0.5649 0.2796
VT	  63.124    5.500  -11.456	 0.349  0.000  0.937	0.7781 0.4286
VT	  63.124    5.500  -11.456	 0.937  0.000 -0.349	0.5649 0.4292
VT	  63.564    3.500  -11.620	-0.349  0.000 -0.937	0.6861 0.6732
VT	  63.564    3.500  -11.620	 0.000  1.000 -0.000	0.7032 0.4450
VT	  63.564    3.500  -11.620	 0.920  0.189 -0.342	0.6337 0.6199
VT	  63.924    1.500  -11.756	-0.349  0.000 -0.937	0.6993 0.6050
VT	  63.924    1.500  -11.756	 0.000  1.000 -0.000	0.7047 0.4317
VT	  63.924    1.500  -11.756	 0.920  0.189 -0.342	0.6337 0.5496
VT	  64.260    3.500   -9.744	 0.000  1.000 -0.000	0.6351 0.4450
VT	  64.260    3.500   -9.744	 0.349  0.000  0.937	0.7635 0.6713
VT	  64.260    3.500   -9.744	 0.920  0.189 -0.342	0.5646 0.6199
VT	  64.756    0.000   -9.932	-0.349  0.000 -0.937	0.4241 0.1168
VT	  64.756    0.000   -9.932	 0.937  0.000 -0.349	0.9996 0.0007
VT	  64.756    0.700   -9.932	-0.349  0.000 -0.937	0.4241 0.1414
VT	  64.756    0.700   -9.932	 0.000  1.000 -0.000	0.9996 0.0277
VT	  64.756    0.700   -9.932	 0.937  0.000 -0.349	0.9996 0.0253
VT	  64.892    0.000   -9.980	 0.349  0.000  0.937	0.7862 0.5535
VT	  64.892    0.000   -9.980	 0.920  0.189 -0.342	0.5646 0.4989
VT	  71.820    0.000   14.796	 0.349  0.000  0.937	0.4241 0.1168
VT	  71.820    0.700   14.796	 0.000  1.000 -0.000	0.0001 0.1051
VT	  71.820    0.700   14.796	 0.349  0.000  0.937	0.4241 0.1414
VT	  73.696    0.000   14.100	 0.349  0.000  0.937	0.5015 0.1168
VT	  73.696    0.000   14.100	 0.937  0.000 -0.349	0.0001 0.0007
VT	  73.696    0.700   14.100	 0.000  1.000 -0.000	0.0001 0.0277
VT	  73.696    0.700   14.100	 0.349  0.000  0.937	0.5015 0.1414
VT	  73.696    0.700   14.100	 0.937  0.000 -0.349	0.0001 0.0253

IDX10	12 8 36 36 23 12 24 38 18 46
IDX10	16 41 71 78 54 54 58 71 72 66
IDX10	69 79 72 69 79 69 43 37 79 43
IDX10	25 37 43 40 25 43 70 57 52 52
IDX10	65 70 18 13 24 41 68 46 17 19
IDX10	39 39 42 17 22 29 61 85 81 56
IDX10	56 76 85 60 63 30 21 15 26 26
IDX10	28 21 48 44 14 14 20 48 62 59
IDX10	47 47 50 62 2 6 33 33 10 2
IDX10	7 4 32 32 35 7 1 0 3 3
IDX10	5 1 34 31 9 9 11 34 45 67
IDX10	64 64 51 45 77 74 84 84 87 77
IDX10	55 53 73 73 75 55 86 83 80 80
IDX	82
IDX	86
IDX	30
IDX	27
IDX	60
IDX	61
IDX	49
IDX	22

ATTR_no_blend

TRIS	0 138
