I
800	# Converted by FS2XPlane 3.26
OBJ

# file utara.bgl

TEXTURE		buleud2.dds
TEXTURE_LIT	buleud2_LIT.dds
POINT_COUNTS	84 0 0 138

VT	-576.600    0.000  945.116	-0.940  0.000  0.342	0.0004 0.7374
VT	-576.600    0.000  945.116	-0.342  0.000 -0.940	0.8432 0.8697
VT	-576.600   15.000  945.116	-0.940  0.000  0.342	0.0004 0.8674
VT	-576.600   15.000  945.116	-0.342  0.000 -0.940	0.8432 0.9997
VT	-576.600   15.000  945.116	 0.000  1.000 -0.000	0.0004 0.7045
VT	-572.840    0.000  943.748	-0.342  0.000 -0.940	0.8757 0.8697
VT	-572.840    0.000  943.748	 0.940  0.000 -0.342	0.0004 0.8697
VT	-572.840   15.000  943.748	-0.342  0.000 -0.940	0.8757 0.9997
VT	-572.840   15.000  943.748	 0.000  1.000 -0.000	0.0004 0.7362
VT	-572.840   15.000  943.748	 0.940  0.000 -0.342	0.0004 0.9997
VT	-543.596    0.000 1035.796	-0.940  0.000  0.342	0.8415 0.7374
VT	-543.596    0.000 1035.796	 0.342  0.000  0.940	0.8432 0.8697
VT	-543.596   10.000 1035.796	 0.000  1.000 -0.000	0.1895 0.7044
VT	-543.596   15.000 1035.796	-0.940  0.000  0.342	0.8415 0.8674
VT	-543.596   15.000 1035.796	 0.000  1.000 -0.000	0.8415 0.7045
VT	-543.596   15.000 1035.796	 0.342  0.000  0.940	0.8432 0.9997
VT	-543.192    0.000 1229.716	-0.940  0.000  0.342	0.3674 0.4953
VT	-543.192    0.000 1229.716	-0.342 -0.000 -0.940	0.3159 0.3194
VT	-543.192    7.000 1229.716	-0.940  0.000  0.342	0.3674 0.5660
VT	-543.192    7.000 1229.716	-0.342 -0.000 -0.940	0.3159 0.3904
VT	-543.192    8.500 1229.716	-0.940  0.000  0.342	0.3674 0.5812
VT	-543.192    8.500 1229.716	-0.342  0.000 -0.940	0.3159 0.4052
VT	-543.192    8.500 1229.716	 0.000  1.000 -0.000	0.3672 0.3170
VT	-540.112    7.000 1238.176	-0.940  0.000  0.342	0.2765 0.5660
VT	-540.112    7.000 1238.176	 0.000  1.000 -0.000	0.2754 0.3170
VT	-540.112    7.000 1238.176	 0.342  0.000  0.940	0.0014 0.4785
VT	-540.112    8.500 1238.176	-0.940  0.000  0.342	0.2765 0.5812
VT	-540.112    8.500 1238.176	 0.000  1.000 -0.000	0.2754 0.3170
VT	-540.112    8.500 1238.176	 0.342  0.000  0.940	0.0014 0.4931
VT	-539.836    0.000 1034.428	 0.342  0.000  0.940	0.8757 0.8697
VT	-539.836    0.000 1034.428	 0.940  0.000 -0.342	0.3924 0.5825
VT	-539.836    0.000 1034.428	 0.940  0.000 -0.342	0.8415 0.8697
VT	-539.836   10.000 1034.428	 0.000  1.000 -0.000	0.1895 0.7362
VT	-539.836   10.000 1034.428	 0.940  0.000 -0.342	0.3924 0.6688
VT	-539.836   15.000 1034.428	 0.000  1.000 -0.000	0.8415 0.7362
VT	-539.836   15.000 1034.428	 0.342  0.000  0.940	0.8757 0.9997
VT	-539.836   15.000 1034.428	 0.940  0.000 -0.342	0.8415 0.9997
VT	-530.880    0.000 1263.548	-0.940  0.000  0.342	0.0039 0.4953
VT	-530.880    0.000 1263.548	 0.342  0.000  0.940	0.0014 0.4076
VT	-530.880    7.000 1263.548	-0.940  0.000  0.342	0.0039 0.5660
VT	-530.880    7.000 1263.548	 0.000  1.000 -0.000	-0.0001 0.3170
VT	-530.880    7.000 1263.548	 0.342  0.000  0.940	0.0014 0.4785
VT	-528.204    0.000 1078.084	-0.940  0.000  0.342	0.8415 0.7375
VT	-528.204    0.000 1078.084	-0.342  0.000 -0.940	0.8430 0.8697
VT	-528.204   10.000 1078.084	 0.000  1.000 -0.000	0.5817 0.7044
VT	-528.204   15.000 1078.084	-0.940  0.000  0.342	0.8415 0.8675
VT	-528.204   15.000 1078.084	-0.342  0.000 -0.940	0.8430 0.9997
VT	-528.204   15.000 1078.084	 0.000  1.000 -0.000	0.8415 0.7045
VT	-524.444    0.000 1076.716	-0.342  0.000 -0.940	0.8756 0.8697
VT	-524.444    0.000 1076.716	 0.940  0.000 -0.342	0.0002 0.5825
VT	-524.444    0.000 1076.716	 0.940  0.000 -0.342	0.8415 0.8697
VT	-524.444   10.000 1076.716	 0.000  1.000 -0.000	0.5817 0.7362
VT	-524.444   10.000 1076.716	 0.940  0.000 -0.342	0.0002 0.6688
VT	-524.444   15.000 1076.716	-0.342  0.000 -0.940	0.8756 0.9997
VT	-524.444   15.000 1076.716	 0.000  1.000 -0.000	0.8415 0.7362
VT	-524.444   15.000 1076.716	 0.940  0.000 -0.342	0.8415 0.9997
VT	-514.060    0.000 1219.116	-0.342 -0.000 -0.940	0.0014 0.3194
VT	-514.060    0.000 1219.116	 0.940 -0.000 -0.342	0.3677 0.4953
VT	-514.060    7.000 1219.116	-0.342  0.000 -0.940	0.0014 0.3904
VT	-514.060    7.000 1219.116	 0.940 -0.000 -0.342	0.3677 0.5660
VT	-514.060    8.500 1219.116	-0.342  0.000 -0.940	0.0014 0.4052
VT	-514.060    8.500 1219.116	 0.000  1.000 -0.000	0.3672 0.0007
VT	-514.060    8.500 1219.116	 0.940  0.000 -0.342	0.3677 0.5812
VT	-510.984    7.000 1227.572	 0.000  1.000 -0.000	0.2754 0.0007
VT	-510.984    7.000 1227.572	 0.342  0.000  0.940	0.3154 0.4785
VT	-510.984    7.000 1227.572	 0.940 -0.000 -0.342	0.2768 0.5660
VT	-510.984    8.500 1227.572	 0.000  1.000 -0.000	0.2754 0.0007
VT	-510.984    8.500 1227.572	 0.342  0.000  0.940	0.3154 0.4931
VT	-510.984    8.500 1227.572	 0.940  0.000 -0.342	0.2768 0.5812
VT	-501.748    0.000 1252.944	 0.342  0.000  0.940	0.3154 0.4076
VT	-501.748    0.000 1252.944	 0.940 -0.000 -0.342	0.0042 0.4953
VT	-501.748    7.000 1252.944	 0.000  1.000 -0.000	-0.0001 0.0007
VT	-501.748    7.000 1252.944	 0.342  0.000  0.940	0.3154 0.4785
VT	-501.748    7.000 1252.944	 0.940 -0.000 -0.342	0.0042 0.5660
VT	-495.200    0.000 1168.764	-0.940  0.000  0.342	0.0004 0.7375
VT	-495.200    0.000 1168.764	 0.342  0.000  0.940	0.8432 0.8697
VT	-495.200   15.000 1168.764	-0.940  0.000  0.342	0.0004 0.8675
VT	-495.200   15.000 1168.764	 0.000  1.000 -0.000	0.0004 0.7045
VT	-495.200   15.000 1168.764	 0.342  0.000  0.940	0.8432 0.9997
VT	-491.440    0.000 1167.396	 0.342  0.000  0.940	0.8757 0.8697
VT	-491.440    0.000 1167.396	 0.940  0.000 -0.342	0.0004 0.8697
VT	-491.440   15.000 1167.396	 0.000  1.000 -0.000	0.0004 0.7362
VT	-491.440   15.000 1167.396	 0.342  0.000  0.940	0.8757 0.9997
VT	-491.440   15.000 1167.396	 0.940  0.000 -0.342	0.0004 0.9997

IDX10	33 30 49 80 83 55 2 13 10 49
IDX10	52 33 12 32 51 47 54 81 78 82
IDX10	79 79 75 78 53 46 43 81 77 47
IDX10	43 48 53 10 0 2 15 35 29 29
IDX10	11 15 4 8 34 34 14 4 1 5
IDX10	7 7 3 1 51 44 12 72 69 38
IDX10	24 63 71 71 40 24 61 66 27 38
IDX10	41 72 27 22 61 21 19 58 19 17
IDX10	56 19 56 58 23 39 16 60 21 58
IDX10	39 37 16 20 26 18 23 16 18 26
IDX10	23 18 70 73 65 67 64 25 25 28
IDX10	67 62 59 65 59 57 70 59 70 65
IDX10	74 42 45 68 62 65 45 76 74 31
IDX	36
IDX	9
IDX	9
IDX	6
IDX	31
IDX	55
IDX	50
IDX	80

ATTR_no_blend

TRIS	0 138
